 Waveform Sampling 
 
 Durata: 12324
 Numero di punti 500
 Tempo di campionamento (in microsecondi 24.65
 
0 , 1767 , 2.03 , 0.00
1 , 1778 , 2.04 , 24.65
2 , 1794 , 2.06 , 49.30
3 , 1808 , 2.08 , 73.94
4 , 1825 , 2.09 , 98.59
5 , 1846 , 2.12 , 123.24
6 , 1857 , 2.13 , 147.89
7 , 1870 , 2.15 , 172.54
8 , 1886 , 2.16 , 197.18
9 , 1906 , 2.19 , 221.83
10 , 1921 , 2.20 , 246.48
11 , 1939 , 2.23 , 271.13
12 , 1951 , 2.24 , 295.78
13 , 1974 , 2.27 , 320.42
14 , 1988 , 2.28 , 345.07
15 , 1996 , 2.29 , 369.72
16 , 2018 , 2.32 , 394.37
17 , 2030 , 2.33 , 419.02
18 , 2053 , 2.36 , 443.66
19 , 2070 , 2.38 , 468.31
20 , 2079 , 2.39 , 492.96
21 , 2098 , 2.41 , 517.61
22 , 2108 , 2.42 , 542.26
23 , 2122 , 2.44 , 566.90
24 , 2139 , 2.46 , 591.55
25 , 2158 , 2.48 , 616.20
26 , 2170 , 2.49 , 640.85
27 , 2192 , 2.52 , 665.50
28 , 2214 , 2.54 , 690.14
29 , 2218 , 2.55 , 714.79
30 , 2237 , 2.57 , 739.44
31 , 2248 , 2.58 , 764.09
32 , 2263 , 2.60 , 788.74
33 , 2288 , 2.63 , 813.38
34 , 2299 , 2.64 , 838.03
35 , 2304 , 2.64 , 862.68
36 , 2331 , 2.68 , 887.33
37 , 2345 , 2.69 , 911.98
38 , 2358 , 2.71 , 936.62
39 , 2379 , 2.73 , 961.27
40 , 2396 , 2.75 , 985.92
41 , 2404 , 2.76 , 1010.57
42 , 2421 , 2.78 , 1035.22
43 , 2442 , 2.80 , 1059.86
44 , 2454 , 2.82 , 1084.51
45 , 2473 , 2.84 , 1109.16
46 , 2482 , 2.85 , 1133.81
47 , 2500 , 2.87 , 1158.46
48 , 2522 , 2.89 , 1183.10
49 , 2538 , 2.91 , 1207.75
50 , 2547 , 2.92 , 1232.40
51 , 2560 , 2.94 , 1257.05
52 , 2584 , 2.97 , 1281.70
53 , 2599 , 2.98 , 1306.34
54 , 2603 , 2.99 , 1330.99
55 , 2629 , 3.02 , 1355.64
56 , 2641 , 3.03 , 1380.29
57 , 2656 , 3.05 , 1404.94
58 , 2676 , 3.07 , 1429.58
59 , 2688 , 3.09 , 1454.23
60 , 2706 , 3.11 , 1478.88
61 , 2727 , 3.13 , 1503.53
62 , 2739 , 3.14 , 1528.18
63 , 2724 , 3.13 , 1552.82
64 , 2702 , 3.10 , 1577.47
65 , 2683 , 3.08 , 1602.12
66 , 2670 , 3.06 , 1626.77
67 , 2654 , 3.05 , 1651.42
68 , 2644 , 3.03 , 1676.06
69 , 2622 , 3.01 , 1700.71
70 , 2611 , 3.00 , 1725.36
71 , 2594 , 2.98 , 1750.01
72 , 2576 , 2.96 , 1774.66
73 , 2560 , 2.94 , 1799.30
74 , 2545 , 2.92 , 1823.95
75 , 2530 , 2.90 , 1848.60
76 , 2516 , 2.89 , 1873.25
77 , 2497 , 2.87 , 1897.90
78 , 2482 , 2.85 , 1922.54
79 , 2466 , 2.83 , 1947.19
80 , 2439 , 2.80 , 1971.84
81 , 2432 , 2.79 , 1996.49
82 , 2418 , 2.78 , 2021.14
83 , 2398 , 2.75 , 2045.78
84 , 2383 , 2.74 , 2070.43
85 , 2376 , 2.73 , 2095.08
86 , 2355 , 2.70 , 2119.73
87 , 2338 , 2.68 , 2144.38
88 , 2321 , 2.66 , 2169.02
89 , 2312 , 2.65 , 2193.67
90 , 2291 , 2.63 , 2218.32
91 , 2277 , 2.61 , 2242.97
92 , 2262 , 2.60 , 2267.62
93 , 2246 , 2.58 , 2292.26
94 , 2231 , 2.56 , 2316.91
95 , 2216 , 2.54 , 2341.56
96 , 2198 , 2.52 , 2366.21
97 , 2182 , 2.50 , 2390.86
98 , 2165 , 2.48 , 2415.50
99 , 2152 , 2.47 , 2440.15
100 , 2133 , 2.45 , 2464.80
101 , 2120 , 2.43 , 2489.45
102 , 2110 , 2.42 , 2514.10
103 , 2091 , 2.40 , 2538.74
104 , 2081 , 2.39 , 2563.39
105 , 2060 , 2.36 , 2588.04
106 , 2048 , 2.35 , 2612.69
107 , 2028 , 2.33 , 2637.34
108 , 2008 , 2.30 , 2661.98
109 , 1994 , 2.29 , 2686.63
110 , 1975 , 2.27 , 2711.28
111 , 1965 , 2.26 , 2735.93
112 , 1949 , 2.24 , 2760.58
113 , 1929 , 2.21 , 2785.22
114 , 1920 , 2.20 , 2809.87
115 , 1905 , 2.19 , 2834.52
116 , 1893 , 2.17 , 2859.17
117 , 1877 , 2.15 , 2883.82
118 , 1851 , 2.12 , 2908.46
119 , 1836 , 2.11 , 2933.11
120 , 1824 , 2.09 , 2957.76
121 , 1810 , 2.08 , 2982.41
122 , 1798 , 2.06 , 3007.06
123 , 1775 , 2.04 , 3031.70
124 , 1763 , 2.02 , 3056.35
125 , 1746 , 2.00 , 3081.00
126 , 1730 , 1.99 , 3105.65
127 , 1715 , 1.97 , 3130.30
128 , 1696 , 1.95 , 3154.94
129 , 1679 , 1.93 , 3179.59
130 , 1683 , 1.93 , 3204.24
131 , 1698 , 1.95 , 3228.89
132 , 1708 , 1.96 , 3253.54
133 , 1727 , 1.98 , 3278.18
134 , 1749 , 2.01 , 3302.83
135 , 1760 , 2.02 , 3327.48
136 , 1777 , 2.04 , 3352.13
137 , 1793 , 2.06 , 3376.78
138 , 1801 , 2.07 , 3401.42
139 , 1822 , 2.09 , 3426.07
140 , 1838 , 2.11 , 3450.72
141 , 1852 , 2.13 , 3475.37
142 , 1869 , 2.15 , 3500.02
143 , 1878 , 2.16 , 3524.66
144 , 1899 , 2.18 , 3549.31
145 , 1913 , 2.20 , 3573.96
146 , 1934 , 2.22 , 3598.61
147 , 1943 , 2.23 , 3623.26
148 , 1957 , 2.25 , 3647.90
149 , 1984 , 2.28 , 3672.55
150 , 1996 , 2.29 , 3697.20
151 , 2010 , 2.31 , 3721.85
152 , 2024 , 2.32 , 3746.50
153 , 2044 , 2.35 , 3771.14
154 , 2060 , 2.36 , 3795.79
155 , 2070 , 2.38 , 3820.44
156 , 2087 , 2.40 , 3845.09
157 , 2105 , 2.42 , 3869.74
158 , 2121 , 2.43 , 3894.38
159 , 2132 , 2.45 , 3919.03
160 , 2151 , 2.47 , 3943.68
161 , 2163 , 2.48 , 3968.33
162 , 2183 , 2.51 , 3992.98
163 , 2202 , 2.53 , 4017.62
164 , 2214 , 2.54 , 4042.27
165 , 2226 , 2.55 , 4066.92
166 , 2243 , 2.57 , 4091.57
167 , 2262 , 2.60 , 4116.22
168 , 2274 , 2.61 , 4140.86
169 , 2293 , 2.63 , 4165.51
170 , 2310 , 2.65 , 4190.16
171 , 2328 , 2.67 , 4214.81
172 , 2339 , 2.68 , 4239.46
173 , 2351 , 2.70 , 4264.10
174 , 2373 , 2.72 , 4288.75
175 , 2390 , 2.74 , 4313.40
176 , 2408 , 2.76 , 4338.05
177 , 2420 , 2.78 , 4362.70
178 , 2443 , 2.80 , 4387.34
179 , 2442 , 2.80 , 4411.99
180 , 2463 , 2.83 , 4436.64
181 , 2485 , 2.85 , 4461.29
182 , 2501 , 2.87 , 4485.94
183 , 2517 , 2.89 , 4510.58
184 , 2526 , 2.90 , 4535.23
185 , 2545 , 2.92 , 4559.88
186 , 2554 , 2.93 , 4584.53
187 , 2574 , 2.95 , 4609.18
188 , 2595 , 2.98 , 4633.82
189 , 2609 , 2.99 , 4658.47
190 , 2619 , 3.01 , 4683.12
191 , 2635 , 3.02 , 4707.77
192 , 2659 , 3.05 , 4732.42
193 , 2668 , 3.06 , 4757.06
194 , 2689 , 3.09 , 4781.71
195 , 2704 , 3.10 , 4806.36
196 , 2716 , 3.12 , 4831.01
197 , 2735 , 3.14 , 4855.66
198 , 2719 , 3.12 , 4880.30
199 , 2710 , 3.11 , 4904.95
200 , 2689 , 3.09 , 4929.60
201 , 2674 , 3.07 , 4954.25
202 , 2659 , 3.05 , 4978.90
203 , 2649 , 3.04 , 5003.54
204 , 2626 , 3.01 , 5028.19
205 , 2614 , 3.00 , 5052.84
206 , 2602 , 2.99 , 5077.49
207 , 2582 , 2.96 , 5102.14
208 , 2563 , 2.94 , 5126.78
209 , 2558 , 2.94 , 5151.43
210 , 2534 , 2.91 , 5176.08
211 , 2514 , 2.89 , 5200.73
212 , 2502 , 2.87 , 5225.38
213 , 2492 , 2.86 , 5250.02
214 , 2472 , 2.84 , 5274.67
215 , 2457 , 2.82 , 5299.32
216 , 2439 , 2.80 , 5323.97
217 , 2426 , 2.78 , 5348.62
218 , 2402 , 2.76 , 5373.26
219 , 2397 , 2.75 , 5397.91
220 , 2371 , 2.72 , 5422.56
221 , 2363 , 2.71 , 5447.21
222 , 2347 , 2.69 , 5471.86
223 , 2328 , 2.67 , 5496.50
224 , 2312 , 2.65 , 5521.15
225 , 2304 , 2.64 , 5545.80
226 , 2288 , 2.63 , 5570.45
227 , 2269 , 2.60 , 5595.10
228 , 2249 , 2.58 , 5619.74
229 , 2237 , 2.57 , 5644.39
230 , 2215 , 2.54 , 5669.04
231 , 2207 , 2.53 , 5693.69
232 , 2190 , 2.51 , 5718.34
233 , 2169 , 2.49 , 5742.98
234 , 2161 , 2.48 , 5767.63
235 , 2141 , 2.46 , 5792.28
236 , 2124 , 2.44 , 5816.93
237 , 2114 , 2.43 , 5841.58
238 , 2091 , 2.40 , 5866.22
239 , 2085 , 2.39 , 5890.87
240 , 2064 , 2.37 , 5915.52
241 , 2048 , 2.35 , 5940.17
242 , 2037 , 2.34 , 5964.82
243 , 2018 , 2.32 , 5989.46
244 , 1999 , 2.29 , 6014.11
245 , 1984 , 2.28 , 6038.76
246 , 1971 , 2.26 , 6063.41
247 , 1956 , 2.24 , 6088.06
248 , 1940 , 2.23 , 6112.70
249 , 1924 , 2.21 , 6137.35
250 , 1909 , 2.19 , 6162.00
251 , 1887 , 2.17 , 6186.65
252 , 1874 , 2.15 , 6211.30
253 , 1861 , 2.14 , 6235.94
254 , 1842 , 2.11 , 6260.59
255 , 1831 , 2.10 , 6285.24
256 , 1815 , 2.08 , 6309.89
257 , 1797 , 2.06 , 6334.54
258 , 1782 , 2.05 , 6359.18
259 , 1768 , 2.03 , 6383.83
260 , 1750 , 2.01 , 6408.48
261 , 1735 , 1.99 , 6433.13
262 , 1719 , 1.97 , 6457.78
263 , 1699 , 1.95 , 6482.42
264 , 1697 , 1.95 , 6507.07
265 , 1678 , 1.93 , 6531.72
266 , 1692 , 1.94 , 6556.37
267 , 1707 , 1.96 , 6581.02
268 , 1719 , 1.97 , 6605.66
269 , 1737 , 1.99 , 6630.31
270 , 1754 , 2.01 , 6654.96
271 , 1774 , 2.04 , 6679.61
272 , 1785 , 2.05 , 6704.26
273 , 1801 , 2.07 , 6728.90
274 , 1821 , 2.09 , 6753.55
275 , 1835 , 2.11 , 6778.20
276 , 1845 , 2.12 , 6802.85
277 , 1864 , 2.14 , 6827.50
278 , 1882 , 2.16 , 6852.14
279 , 1893 , 2.17 , 6876.79
280 , 1908 , 2.19 , 6901.44
281 , 1928 , 2.21 , 6926.09
282 , 1941 , 2.23 , 6950.74
283 , 1958 , 2.25 , 6975.38
284 , 1972 , 2.26 , 7000.03
285 , 1987 , 2.28 , 7024.68
286 , 2005 , 2.30 , 7049.33
287 , 2022 , 2.32 , 7073.98
288 , 2039 , 2.34 , 7098.62
289 , 2055 , 2.36 , 7123.27
290 , 2069 , 2.37 , 7147.92
291 , 2076 , 2.38 , 7172.57
292 , 2097 , 2.41 , 7197.22
293 , 2114 , 2.43 , 7221.86
294 , 2130 , 2.44 , 7246.51
295 , 2144 , 2.46 , 7271.16
296 , 2158 , 2.48 , 7295.81
297 , 2180 , 2.50 , 7320.46
298 , 2195 , 2.52 , 7345.10
299 , 2211 , 2.54 , 7369.75
300 , 2223 , 2.55 , 7394.40
301 , 2236 , 2.57 , 7419.05
302 , 2253 , 2.59 , 7443.70
303 , 2270 , 2.61 , 7468.34
304 , 2285 , 2.62 , 7492.99
305 , 2310 , 2.65 , 7517.64
306 , 2325 , 2.67 , 7542.29
307 , 2329 , 2.67 , 7566.94
308 , 2343 , 2.69 , 7591.58
309 , 2367 , 2.72 , 7616.23
310 , 2383 , 2.74 , 7640.88
311 , 2405 , 2.76 , 7665.53
312 , 2419 , 2.78 , 7690.18
313 , 2434 , 2.79 , 7714.82
314 , 2444 , 2.81 , 7739.47
315 , 2468 , 2.83 , 7764.12
316 , 2483 , 2.85 , 7788.77
317 , 2498 , 2.87 , 7813.42
318 , 2505 , 2.88 , 7838.06
319 , 2523 , 2.90 , 7862.71
320 , 2538 , 2.91 , 7887.36
321 , 2557 , 2.93 , 7912.01
322 , 2572 , 2.95 , 7936.66
323 , 2587 , 2.97 , 7961.30
324 , 2595 , 2.98 , 7985.95
325 , 2623 , 3.01 , 8010.60
326 , 2628 , 3.02 , 8035.25
327 , 2653 , 3.04 , 8059.90
328 , 2665 , 3.06 , 8084.54
329 , 2677 , 3.07 , 8109.19
330 , 2697 , 3.10 , 8133.84
331 , 2709 , 3.11 , 8158.49
332 , 2725 , 3.13 , 8183.14
333 , 2730 , 3.13 , 8207.78
334 , 2717 , 3.12 , 8232.43
335 , 2697 , 3.10 , 8257.08
336 , 2679 , 3.07 , 8281.73
337 , 2668 , 3.06 , 8306.38
338 , 2647 , 3.04 , 8331.02
339 , 2629 , 3.02 , 8355.67
340 , 2616 , 3.00 , 8380.32
341 , 2601 , 2.99 , 8404.97
342 , 2589 , 2.97 , 8429.62
343 , 2577 , 2.96 , 8454.26
344 , 2552 , 2.93 , 8478.91
345 , 2539 , 2.91 , 8503.56
346 , 2517 , 2.89 , 8528.21
347 , 2508 , 2.88 , 8552.86
348 , 2492 , 2.86 , 8577.50
349 , 2474 , 2.84 , 8602.15
350 , 2461 , 2.82 , 8626.80
351 , 2443 , 2.80 , 8651.45
352 , 2428 , 2.79 , 8676.10
353 , 2407 , 2.76 , 8700.74
354 , 2389 , 2.74 , 8725.39
355 , 2376 , 2.73 , 8750.04
356 , 2363 , 2.71 , 8774.69
357 , 2353 , 2.70 , 8799.34
358 , 2339 , 2.68 , 8823.98
359 , 2317 , 2.66 , 8848.63
360 , 2302 , 2.64 , 8873.28
361 , 2285 , 2.62 , 8897.93
362 , 2272 , 2.61 , 8922.58
363 , 2256 , 2.59 , 8947.22
364 , 2245 , 2.58 , 8971.87
365 , 2223 , 2.55 , 8996.52
366 , 2209 , 2.54 , 9021.17
367 , 2196 , 2.52 , 9045.82
368 , 2176 , 2.50 , 9070.46
369 , 2158 , 2.48 , 9095.11
370 , 2139 , 2.46 , 9119.76
371 , 2122 , 2.44 , 9144.41
372 , 2116 , 2.43 , 9169.06
373 , 2094 , 2.40 , 9193.70
374 , 2080 , 2.39 , 9218.35
375 , 2075 , 2.38 , 9243.00
376 , 2053 , 2.36 , 9267.65
377 , 2031 , 2.33 , 9292.30
378 , 2025 , 2.32 , 9316.94
379 , 2003 , 2.30 , 9341.59
380 , 1994 , 2.29 , 9366.24
381 , 1970 , 2.26 , 9390.89
382 , 1945 , 2.23 , 9415.54
383 , 1940 , 2.23 , 9440.18
384 , 1929 , 2.21 , 9464.83
385 , 1907 , 2.19 , 9489.48
386 , 1894 , 2.17 , 9514.13
387 , 1878 , 2.16 , 9538.78
388 , 1863 , 2.14 , 9563.42
389 , 1851 , 2.12 , 9588.07
390 , 1838 , 2.11 , 9612.72
391 , 1818 , 2.09 , 9637.37
392 , 1791 , 2.06 , 9662.02
393 , 1781 , 2.04 , 9686.66
394 , 1768 , 2.03 , 9711.31
395 , 1757 , 2.02 , 9735.96
396 , 1735 , 1.99 , 9760.61
397 , 1721 , 1.98 , 9785.26
398 , 1700 , 1.95 , 9809.90
399 , 1688 , 1.94 , 9834.55
400 , 1674 , 1.92 , 9859.20
401 , 1686 , 1.94 , 9883.85
402 , 1702 , 1.95 , 9908.50
403 , 1719 , 1.97 , 9933.14
404 , 1736 , 1.99 , 9957.79
405 , 1749 , 2.01 , 9982.44
406 , 1767 , 2.03 , 10007.09
407 , 1783 , 2.05 , 10031.74
408 , 1800 , 2.07 , 10056.38
409 , 1810 , 2.08 , 10081.03
410 , 1828 , 2.10 , 10105.68
411 , 1842 , 2.11 , 10130.33
412 , 1859 , 2.13 , 10154.98
413 , 1876 , 2.15 , 10179.62
414 , 1891 , 2.17 , 10204.27
415 , 1908 , 2.19 , 10228.92
416 , 1932 , 2.22 , 10253.57
417 , 1936 , 2.22 , 10278.22
418 , 1951 , 2.24 , 10302.86
419 , 1974 , 2.27 , 10327.51
420 , 1991 , 2.29 , 10352.16
421 , 2007 , 2.30 , 10376.81
422 , 2018 , 2.32 , 10401.46
423 , 2035 , 2.34 , 10426.10
424 , 2049 , 2.35 , 10450.75
425 , 2064 , 2.37 , 10475.40
426 , 2081 , 2.39 , 10500.05
427 , 2097 , 2.41 , 10524.70
428 , 2107 , 2.42 , 10549.34
429 , 2127 , 2.44 , 10573.99
430 , 2142 , 2.46 , 10598.64
431 , 2158 , 2.48 , 10623.29
432 , 2169 , 2.49 , 10647.94
433 , 2195 , 2.52 , 10672.58
434 , 2206 , 2.53 , 10697.23
435 , 2223 , 2.55 , 10721.88
436 , 2246 , 2.58 , 10746.53
437 , 2261 , 2.60 , 10771.18
438 , 2273 , 2.61 , 10795.82
439 , 2280 , 2.62 , 10820.47
440 , 2300 , 2.64 , 10845.12
441 , 2315 , 2.66 , 10869.77
442 , 2338 , 2.68 , 10894.42
443 , 2346 , 2.69 , 10919.06
444 , 2360 , 2.71 , 10943.71
445 , 2374 , 2.72 , 10968.36
446 , 2396 , 2.75 , 10993.01
447 , 2410 , 2.77 , 11017.66
448 , 2417 , 2.77 , 11042.30
449 , 2438 , 2.80 , 11066.95
450 , 2453 , 2.82 , 11091.60
451 , 2466 , 2.83 , 11116.25
452 , 2492 , 2.86 , 11140.90
453 , 2504 , 2.87 , 11165.54
454 , 2515 , 2.89 , 11190.19
455 , 2530 , 2.90 , 11214.84
456 , 2551 , 2.93 , 11239.49
457 , 2564 , 2.94 , 11264.14
458 , 2580 , 2.96 , 11288.78
459 , 2595 , 2.98 , 11313.43
460 , 2613 , 3.00 , 11338.08
461 , 2629 , 3.02 , 11362.73
462 , 2638 , 3.03 , 11387.38
463 , 2666 , 3.06 , 11412.02
464 , 2675 , 3.07 , 11436.67
465 , 2698 , 3.10 , 11461.32
466 , 2707 , 3.11 , 11485.97
467 , 2717 , 3.12 , 11510.62
468 , 2733 , 3.14 , 11535.26
469 , 2718 , 3.12 , 11559.91
470 , 2698 , 3.10 , 11584.56
471 , 2680 , 3.08 , 11609.21
472 , 2671 , 3.07 , 11633.86
473 , 2656 , 3.05 , 11658.50
474 , 2640 , 3.03 , 11683.15
475 , 2613 , 3.00 , 11707.80
476 , 2601 , 2.99 , 11732.45
477 , 2589 , 2.97 , 11757.10
478 , 2569 , 2.95 , 11781.74
479 , 2556 , 2.93 , 11806.39
480 , 2549 , 2.93 , 11831.04
481 , 2520 , 2.89 , 11855.69
482 , 2511 , 2.88 , 11880.34
483 , 2493 , 2.86 , 11904.98
484 , 2473 , 2.84 , 11929.63
485 , 2462 , 2.83 , 11954.28
486 , 2447 , 2.81 , 11978.93
487 , 2433 , 2.79 , 12003.58
488 , 2416 , 2.77 , 12028.22
489 , 2408 , 2.76 , 12052.87
490 , 2379 , 2.73 , 12077.52
491 , 2372 , 2.72 , 12102.17
492 , 2350 , 2.70 , 12126.82
493 , 2333 , 2.68 , 12151.46
494 , 2315 , 2.66 , 12176.11
495 , 2308 , 2.65 , 12200.76
496 , 2289 , 2.63 , 12225.41
497 , 2275 , 2.61 , 12250.06
498 , 2263 , 2.60 , 12274.70
499 , 2240 , 2.57 , 12299.35