n v(n)    Re(T)       Im(T)        Mod(T) 
   
0  0  54206.0  0.0  54206.0  
1  0  41.43225  -140.71228  146.6853  
2  0  144.03067  75.84762  162.78113  
3  0  302.02863  -185.02957  354.19943  
4  0  140.88084  15.102792  141.68806  
5  138  -233.33563  -557.25385  604.13354  
6  134  151.88385  -54.63981  161.41316  
7  134  309.92972  -133.06091  337.2857  
8  135  144.49086  -32.42637  148.0847  
9  134  222.48402  97.5238  242.9198  
10  133  178.13599  -20.664965  179.33061  
11  133  -21.394379  120.00934  121.901436  
12  144  164.32463  -0.16276932  164.3247  
13  0  -161.80939  -1041.33  1053.8265  
14  0  166.45163  -125.09144  208.21626  
15  0  -144.45435  44.49112  151.15065  
16  0  129.25781  -35.540512  134.05489  
17  0  104.67993  -152.73477  185.16425  
18  0  170.03162  4.1866646  170.08315  
19  0  263.2141  -90.26419  278.2612  
20  0  191.12024  -92.53653  212.34395  
21  135  85.559135  213.69136  230.18332  
22  133  159.46466  -81.85899  179.24808  
23  136  667.07  52.017925  669.0951  
24  137  176.93057  -77.784195  193.27393  
25  137  169.2313  86.16813  189.9057  
26  135  243.10785  9.900379  243.30936  
27  133  -2.4500961  -110.90944  110.93649  
28  134  183.0523  -127.05614  222.82596  
29  135  189.31714  -279.07513  337.22977  
30  0  66.18637  -138.57944  153.57375  
31  0  2154.7036  647.90564  2250.0063  
32  0  366.13574  -27.875282  367.1953  
33  0  450.41165  -268.60825  524.4245  
34  0  360.8027  -103.23395  375.281  
35  0  460.92834  -38.690712  462.54935  
36  0  349.7443  -99.08464  363.50906  
37  0  266.30548  -12.628662  266.60477  
38  138  410.11847  -155.72357  438.6878  
39  131  110.2254  -384.26978  399.76605  
40  137  503.47626  -256.06393  564.8514  
41  135  226.45807  100.56648  247.78394  
42  133  535.5634  -258.46262  594.66895  
43  135  499.9759  -388.95502  633.45233  
44  133  726.816  -356.4389  809.51227  
45  135  996.2914  -601.6234  1163.8502  
46  0  1276.1648  -775.454  1493.2935  
47  0  2073.1064  -903.91095  2261.598  
48  0  4049.0693  -2324.6243  4668.923  
49  0  -28859.783  17078.201  33534.34  
50  0  -3068.849  1918.2383  3619.0432  
51  0  -1571.6593  1149.9829  1947.4531  
52  0  -1064.0286  707.4616  1277.7554  
53  0  -938.7473  573.0948  1099.8564  
54  134  -704.23926  403.73285  811.7593  
55  137  -574.1802  290.4808  643.4765  
56  133  -528.607  355.08893  636.79944  
57  136  41.409832  238.6685  242.23424  
58  133  -325.474  300.73138  443.1396  
59  136  -305.44086  -140.14896  336.0593  
60  134  -323.70996  60.833153  329.3764  
61  133  -51.18464  111.42001  122.61438  
62  0  -139.9036  113.01688  179.84947  
63  0  -152.32965  294.97073  331.982  
64  0  -82.88376  56.325638  100.21125  
65  0  -365.14304  -36.394394  366.9523  
66  0  -105.75836  -322.5579  339.45312  
67  0  -539.89  2330.445  2392.1653  
68  0  -84.89701  457.37064  465.1832  
69  0  -374.62244  316.06638  490.14276  
70  133  -139.47461  287.19507  319.2713  
71  137  -138.66716  78.14794  159.17188  
72  134  -178.26978  123.60553  216.92958  
73  132  73.271545  163.44006  179.11273  
74  135  -76.7433  101.94256  127.600235  
75  136  -349.24298  568.5516  667.24927  
76  133  -198.61385  199.59827  281.57935  
77  136  180.55435  371.92413  413.43372  
78  137  -54.062542  193.12976  200.5539  
79  0  -152.22435  304.46295  340.39673  
80  0  -62.25138  281.53403  288.33426  
81  0  -140.68213  158.71841  212.09195  
82  0  -133.46535  226.81306  263.16757  
83  0  152.0558  78.58241  171.16121  
84  0  73.321014  279.20096  288.66788  
85  0  -812.98694  -655.4252  1044.2844  
86  0  -197.95575  14.839073  198.51115  
87  136  75.57286  -32.280594  82.17843  
88  134  -52.9317  36.956757  64.556694  
89  135  -54.538284  235.59827  241.82838  
90  136  -28.896929  123.8986  127.2238  
91  136  -175.75555  299.61505  347.36032  
92  134  -43.727173  250.2907  254.08168  
93  136  -417.7919  -460.90045  622.0766  
94  135  -42.79103  -39.172028  58.013103  
95  0  -330.4319  177.30443  374.99612  
96  0  -188.6932  166.62363  251.73112  
97  0  -173.7638  -83.61969  192.837  
98  0  -192.11295  97.939964  215.6377  
99  0  -84.93939  15.989914  86.43134  
100  0  -138.06702  9.37413  138.38489  
101  0  -83.70095  335.07898  345.37482  
102  0  -296.23914  142.54059  328.7483  
103  135  655.12695  102.610695  663.1141  
104  131  31.728981  41.495758  52.236256  
105  135  22.367472  253.55649  254.54115  
106  130  -42.510574  152.21603  158.04073  
107  134  -144.77905  136.24393  198.80489  
108  135  -155.69061  215.372  265.75302  
109  135  -96.4673  -15.572372  97.71612  
110  135  -405.40338  65.20351  410.61346  
111  0  780.5215  285.6485  831.1491  
112  0  153.01492  186.855  241.51263  
113  0  126.30065  -104.55643  163.96312  
114  0  95.74498  55.32392  110.57955  
115  0  200.83752  164.02327  259.3055  
116  0  160.35455  54.981842  169.51869  
117  0  4.552471  295.5313  295.56638  
118  0  152.88683  165.86923  225.58144  
119  0  -190.72717  -58.20659  199.41129  
120  137  114.55718  -40.46588  121.49418  
121  134  -207.27332  510.4602  550.93726  
122  135  -3.1067238  318.6239  318.63904  
123  138  -113.19606  74.19085  135.34264  
124  139  -43.538383  204.81038  209.38692  
125  136  174.8593  -2.148613  174.8725  
126  137  42.347965  35.692863  55.383488  
127  139  344.324  145.30016  373.72604  
128  0  586.74225  -203.11008  620.9027  
129  0  -1203.2123  1236.9254  1725.6025  
130  0  -358.40353  437.65292  565.6794  
131  0  -1.2677917  579.45703  579.4584  
132  0  -79.062294  417.98773  425.39932  
133  0  -138.17555  522.0147  539.99243  
134  0  -54.542038  480.1697  483.25748  
135  0  -181.6694  336.715  382.59738  
136  136  -221.03934  510.7207  556.5016  
137  138  198.34259  371.25223  420.9133  
138  135  107.73253  550.96436  561.39825  
139  136  -156.55154  159.11368  223.21637  
140  138  -121.53892  451.66165  467.72852  
141  136  114.42025  544.4182  556.31213  
142  135  68.93136  616.59534  620.4364  
143  132  43.338394  1052.2246  1053.1167  
144  0  78.74172  1334.206  1336.5276  
145  0  -102.30208  2049.2322  2051.7842  
146  0  82.325386  5341.5693  5342.2036  
147  0  -313.18646  -9013.779  9019.219  
148  0  -12.157143  -2404.1045  2404.1353  
149  0  -210.58282  -1368.1434  1384.2549  
150  0  -204.5904  -918.72565  941.2301  
151  0  -47.219086  -835.11414  836.448  
152  136  -148.47673  -672.01184  688.2189  
153  133  84.26858  -524.2142  530.94415  
154  135  33.378494  -551.9249  552.9333  
155  136  -130.65775  -60.029907  143.78816  
156  137  -203.88246  -246.90404  320.20255  
157  133  270.22272  -112.62665  292.7543  
158  137  106.906944  -197.2587  224.36597  
159  135  101.81781  -28.672058  105.77785  
160  0  182.39352  26.812798  184.3538  
161  0  8.136925  2.9062119  8.6403475  
162  0  93.69786  131.98994  161.8661  
163  0  364.36844  31.66632  365.74185  
164  0  1055.0967  640.3533  1234.2128  
165  0  -1665.6091  -1343.1925  2139.7244  
166  0  -584.99615  -446.53278  735.94293  
167  0  -246.41798  -481.98233  541.32135  
168  0  -228.75499  -349.5102  417.71548  
169  134  -60.09971  -177.55945  187.45488  
170  135  -41.801292  -196.1416  200.54645  
171  132  -181.33896  -66.03151  192.98698  
172  136  11.862442  61.455864  62.59026  
173  137  -326.8324  -472.33017  574.38245  
174  134  -135.85176  -275.21506  306.9186  
175  139  -357.40906  -50.646057  360.97958  
176  137  -239.43619  -34.81178  241.9536  
177  0  -316.28113  -236.75824  395.08002  
178  0  -340.43744  -189.14868  389.4546  
179  0  -178.71992  -199.9972  268.21576  
180  0  -290.0046  -230.63982  370.53665  
181  0  -281.41357  72.37695  290.5719  
182  0  -748.42725  56.43182  750.5517  
183  0  703.36194  -303.38666  766.0036  
184  0  165.30188  -246.63194  296.90408  
185  137  52.82318  34.868633  63.29384  
186  134  59.879562  -37.349243  70.57285  
187  137  -117.041916  8.504927  117.35052  
188  132  -116.69116  2.4162426  116.71617  
189  137  -171.91348  -195.52776  260.3562  
190  132  -429.94156  -148.00714  454.70413  
191  135  422.03348  -12.973585  422.23282  
192  137  118.701645  40.937805  125.56267  
193  0  107.05156  -330.81543  347.70517  
194  0  -42.694397  -146.69002  152.77687  
195  0  167.82756  -147.51213  223.44109  
196  0  96.99953  -336.63055  350.32706  
197  0  80.15466  -93.88986  123.45071  
198  0  150.7916  -94.291084  177.8452  
199  0  10.474594  -283.6796  283.8729  
200  0  146.21724  -539.7875  559.24054  
201  137  -225.44229  406.79297  465.08575  
202  133  11.817017  99.783356  100.480644  
203  135  -211.73166  -70.01902  223.00888  
204  134  -125.54718  11.855081  126.10566  
205  139  -44.95137  -180.0317  185.55872  
206  131  -98.63754  -254.45222  272.9016  
207  135  136.92546  -140.21022  195.97829  
208  135  313.6637  -481.64624  574.7765  
209  137  -512.679  358.99542  625.8734  
210  0  -377.77954  -29.225044  378.9083  
211  0  21.232407  165.48705  166.84357  
212  0  13.618088  37.66427  40.050587  
213  0  -161.50505  178.38664  240.63599  
214  0  -47.847977  174.66382  181.09909  
215  0  -189.89708  -9.953171  190.15775  
216  0  -234.52328  151.15027  279.01178  
217  0  101.892334  -20.70797  103.97533  
218  135  106.83362  317.12003  334.63193  
219  134  -268.23108  -276.66333  385.34467  
220  133  -258.63458  -61.6124  265.872  
221  136  -26.978577  -92.654236  96.50208  
222  137  -123.272896  -148.98718  193.3737  
223  131  23.593628  75.54587  79.14441  
224  133  25.103104  121.275604  123.84643  
225  134  -221.62755  267.46036  347.35257  
226  0  56.39058  1101.6084  1103.0508  
227  0  -282.00458  -966.38245  1006.6884  
228  0  -75.70718  -461.0381  467.21268  
229  0  -408.58398  -270.67645  490.1088  
230  0  -276.48077  -149.52686  314.32452  
231  0  -339.2932  -268.64117  432.7678  
232  0  -380.3609  -264.57056  463.3271  
233  0  -210.57207  -261.27203  335.5647  
234  135  -265.53778  -479.6004  548.2033  
235  133  -333.11548  -69.73186  340.3358  
236  133  -656.5645  -168.0334  677.72577  
237  139  -36.228195  -155.21436  159.38626  
238  137  -222.76593  -300.43326  374.01175  
239  138  -312.68964  -86.32026  324.38556  
240  134  -399.69897  -167.77083  433.48163  
241  134  -660.529  -264.7362  711.6065  
242  0  -948.4988  -259.61053  983.38574  
243  0  -1348.5709  -851.4675  1594.8795  
244  0  -4772.306  -2508.8499  5391.5894  
245  0  2974.7607  1583.6869  3370.0542  
246  0  1053.0308  721.97144  1276.7601  
247  0  733.41675  208.21283  762.3993  
248  0  366.4312  177.8905  407.32892  
249  0  411.4267  226.55582  469.68018  
250  135  396.9957  34.393883  398.48276  
251  135  219.02202  251.31592  333.36218  
252  130  387.0442  337.86182  513.76434  
253  136  14.967796  -77.94475  79.36888  
254  138  262.46725  -161.57492  308.21344  
255  133  -95.77235  246.42822  264.38458  
256  137  -4.654701  210.62567  210.6771  
257  139  -130.72974  61.67961  144.54977  
258  137  -188.63538  126.334785  227.03256  
259  0  -33.948166  21.715347  40.29931  
260  0  -361.27295  -17.050743  361.67508  
261  0  -480.1441  313.4687  573.4117  
262  0  -2241.3215  1007.82666  2457.4858  
263  0  1310.9324  -546.9233  1420.4467  
264  0  546.79456  -319.39923  633.2457  
265  0  414.57446  -16.595078  414.90646  
266  0  400.94907  -31.431839  402.1792  
267  134  159.85875  31.650452  162.96187  
268  132  160.4092  75.39633  177.2448  
269  138  94.404854  -103.05396  139.75835  
270  138  -263.08987  -1.1923828  263.0926  
271  135  377.25766  -28.876587  378.3612  
272  136  179.65094  192.68571  263.44305  
273  135  116.80594  -228.64752  256.75534  
274  136  133.78555  -197.89285  238.87268  
275  0  249.203  -171.80846  302.68842  
276  0  208.1883  -236.37262  314.98315  
277  0  222.35692  -55.77977  229.24655  
278  0  404.99622  -129.37924  425.15988  
279  0  75.34416  -309.08627  318.13687  
280  0  404.86737  -1144.769  1214.2544  
281  0  3.3359299  428.3314  428.3444  
282  0  192.50217  210.48701  285.24002  
283  135  -24.03653  14.085892  27.859776  
284  135  -41.74814  129.73816  136.28975  
285  135  18.263176  -151.7634  152.85834  
286  137  -92.79823  -107.21576  141.7982  
287  137  175.21785  -68.52225  188.13983  
288  136  309.73376  -468.8549  561.9252  
289  136  -60.078674  141.32817  153.5679  
290  133  -199.58554  -22.944382  200.90005  
291  0  159.24545  95.07326  185.46709  
292  0  206.08778  15.012726  206.63388  
293  0  54.13194  152.40794  161.73573  
294  0  150.66223  180.46509  235.08884  
295  0  -39.82893  98.79816  106.52427  
296  0  -71.02458  284.3059  293.04324  
297  0  160.72646  66.96245  174.11768  
298  0  495.02463  518.2285  716.666  
299  0  -102.77988  -157.31813  187.91672  
300  137  -157.84207  -6.851349  157.99069  
301  136  73.30353  -139.78784  157.84184  
302  135  -15.817818  -121.8237  122.84631  
303  135  86.20804  39.425507  94.79555  
304  136  202.77716  -75.971725  216.54164  
305  134  63.325066  109.90819  126.84586  
306  139  318.80884  694.50037  764.1792  
307  137  -33.87819  -259.97327  262.1714  
308  0  186.52867  -171.04675  253.08089  
309  0  -66.73801  -41.22357  78.44325  
310  0  8.577866  67.98981  68.52878  
311  0  -54.71499  -44.53824  70.55058  
312  0  -187.47668  -75.81802  202.2273  
313  0  0.9326706  -111.3673  111.37121  
314  0  -44.34429  -332.06622  335.014  
315  0  -73.70769  28.033386  78.858696  
316  135  -526.4601  -56.62091  529.49615  
317  137  168.353  -44.96051  174.2532  
318  136  69.395485  -171.41782  184.93188  
319  135  60.117085  -24.602173  64.956375  
320  133  164.60385  10.0989685  164.91336  
321  138  1.765686  -35.932037  35.975395  
322  134  -56.955563  19.319702  60.143055  
323  133  -150.30681  -84.40211  172.38286  
324  0  -1297.8577  -485.58762  1385.7236  
325  0  374.7349  45.05137  377.43326  
326  0  116.224365  177.82574  212.43846  
327  0  169.2309  -108.74501  201.15808  
328  0  111.80754  -115.045166  160.42543  
329  0  173.3117  -38.44712  177.52501  
330  0  204.39316  -174.37982  268.67245  
331  0  111.45659  -37.374985  117.556206  
332  136  441.20966  128.66527  459.58752  
333  137  119.41968  -133.52649  179.1379  
334  136  483.13937  -397.6468  625.7369  
335  133  135.82654  -9.357529  136.14848  
336  133  236.11087  57.675865  243.05318  
337  137  123.62296  -85.32274  150.20854  
338  138  103.0665  2.5186691  103.09727  
339  135  236.79675  -229.25916  329.5944  
340  138  215.90291  -379.4584  436.58075  
341  0  540.51636  -303.67645  619.9817  
342  0  4006.6104  -2648.123  4802.654  
343  0  -646.9694  432.75128  778.35925  
344  0  -372.41278  -13.83326  372.66962  
345  0  -228.29834  94.17369  246.95914  
346  0  3.88134  32.245598  32.47835  
347  0  -95.298744  108.94581  144.74474  
348  0  -51.612244  180.51653  187.74994  
349  138  -94.865395  -16.47741  96.28577  
350  132  -398.74725  179.62929  437.33975  
351  138  52.874397  -38.32788  65.304886  
352  137  106.22563  293.02325  311.68335  
353  136  -6.689789  -65.51149  65.85217  
354  137  -148.96654  -37.115005  153.52052  
355  134  16.006363  -54.93261  57.217087  
356  135  -10.333046  -243.06693  243.28647  
357  0  -29.15448  -60.126663  66.82214  
358  0  222.90936  -181.52841  287.47372  
359  0  -2.6020966  -298.94485  298.95618  
360  0  320.4839  -3814.069  3827.51  
361  0  -8.957344  414.9933  415.08994  
362  0  141.52197  265.72565  301.06244  
363  0  -54.05284  136.3224  146.64755  
364  0  -73.707535  208.3556  221.00873  
365  142  -44.083412  23.194603  49.81302  
366  141  -161.30522  -3.1370087  161.33572  
367  137  37.51104  4.2900696  37.755566  
368  133  178.3103  -357.39978  399.41104  
369  133  -87.252075  69.37758  111.47275  
370  130  -352.2809  -72.62355  359.68878  
371  135  43.005684  120.14492  127.60992  
372  134  53.14469  -92.22927  106.445274  
373  0  29.731056  86.79888  91.74956  
374  0  145.67633  189.1502  238.74545  
375  0  -7.254532  74.145996  74.500046  
376  0  -117.23462  275.00784  298.9536  
377  0  -5.7079163  102.30206  102.461174  
378  0  993.5958  974.51025  1391.7267  
379  0  -17.455338  -36.58791  40.538425  
380  0  -135.37843  115.07379  177.6775  
381  134  11.017082  23.940765  26.354057  
382  133  -57.331467  -103.40011  118.23061  
383  134  -41.60794  50.650265  65.54899  
384  132  100.85197  -75.72801  126.1184  
385  136  -21.41011  43.59702  48.57049  
386  135  309.72165  516.4945  602.24084  
387  132  -54.078842  -8.854897  54.799  
388  137  242.32437  -87.87425  257.76538  
389  135  -38.554214  72.26466  81.9061  
390  0  12.497322  114.13111  114.81329  
391  0  -33.345413  -49.82216  59.951347  
392  0  -181.33856  55.275703  189.57605  
393  0  -2.5454712  -13.943442  14.173885  
394  0  16.90068  -204.88681  205.58269  
395  0  15.372101  -12.946902  20.097855  
396  0  -843.32477  129.30275  853.1799  
397  0  7.65889  -6.6403685  10.13672  
398  138  0.5657654  -161.99785  161.99884  
399  134  -19.177979  -60.38953  63.361584  
400  135  133.9997  0.26914367  133.99997  
401  136  -19.441772  60.95768  63.982975  
402  139  -0.0021820068  162.12108  162.12108  
403  137  7.050522  6.578914  9.643234  
404  137  -842.9066  -130.89774  853.0098  
405  138  16.071281  13.132258  20.754332  
406  0  16.985863  204.8682  205.57115  
407  0  -2.4988556  13.847365  14.071027  
408  0  -180.84125  -55.59762  189.19475  
409  0  -32.980057  49.81243  59.740795  
410  0  13.047684  -114.06085  114.8047  
411  0  -38.18567  -72.47107  81.91582  
412  0  242.40634  88.37636  258.01398  
413  0  -53.766113  8.326893  54.407097  
414  137  310.85336  -515.89954  602.314  
415  133  -21.50879  -43.16888  48.23049  
416  134  100.5083  76.42212  126.262665  
417  134  -41.54834  -50.56978  65.44897  
418  136  -57.467987  103.392975  118.29064  
419  137  11.256195  -24.094887  26.594463  
420  133  -134.85722  -115.46576  177.53539  
421  135  -16.571701  36.117527  39.737854  
422  0  995.51697  -972.43427  1391.6475  
423  0  -6.165558  -101.72751  101.91418  
424  0  -116.77466  -274.8087  298.59024  
425  0  -6.884369  -73.585976  73.90731  
426  0  145.95932  -188.24881  238.20523  
427  0  29.890228  -86.10594  91.14636  
428  0  52.80616  92.90866  106.86678  
429  0  42.89283  -119.4868  126.95232  
430  0  -352.53195  72.56772  359.9234  
431  133  -86.866234  -68.92929  110.89179  
432  135  177.58037  358.22894  399.82843  
433  133  37.33526  -3.8736267  37.53567  
434  137  -161.32318  3.1323776  161.35359  
435  139  -44.120667  -22.92038  49.718983  
436  137  -72.9778  -207.7102  220.15741  
437  132  -53.490845  -135.23087  145.42578  
438  137  142.1159  -263.901  299.73434  
439  0  -7.808487  -411.8142  411.8882  
440  0  312.61182  3815.6135  3828.3982  
441  0  -3.503708  297.2589  297.27954  
442  0  222.39905  180.91925  286.69342  
443  0  -29.502922  59.57287  66.47819  
444  0  -10.91053  242.61319  242.8584  
445  0  15.727867  54.5411  56.76352  
446  0  -149.11122  36.644615  153.54799  
447  134  -6.711006  64.93721  65.283066  
448  137  107.14398  -293.11865  312.08713  
449  137  52.46621  38.49166  65.07159  
450  135  -398.25607  -180.38782  437.20438  
451  133  -94.48254  16.504066  95.913155  
452  135  -51.073853  -180.48788  187.57509  
453  130  -94.55087  -108.73425  144.09373  
454  134  4.5720215  -31.75602  32.083454  
455  0  -227.31592  -93.83886  245.92328  
456  0  -371.29608  13.843262  371.55408  
457  0  -642.58673  -431.98502  774.2924  
458  0  4002.9583  2656.744  4804.369  
459  0  538.0816  303.5363  617.7913  
460  0  214.06534  379.17297  435.42636  
461  0  235.5575  229.03383  328.54807  
462  0  102.72963  -2.6754227  102.764465  
463  140  122.974396  85.24371  149.63019  
464  136  235.80635  -57.523766  242.72128  
465  135  135.6318  9.693993  135.97778  
466  134  482.36902  398.54254  625.7124  
467  133  118.941895  133.33588  178.67744  
468  132  440.87073  -128.14783  459.1175  
469  132  110.77734  37.659798  117.00376  
470  139  203.27977  174.56657  267.94806  
471  0  172.75873  38.73017  177.04689  
472  0  110.85851  115.06921  159.78276  
473  0  168.36765  108.95339  200.54553  
474  0  115.848145  -178.0657  212.43396  
475  0  373.47134  -43.845  376.03622  
476  0  -1299.7194  483.03122  1386.5747  
477  0  -150.12619  83.68546  171.87534  
478  0  -56.84074  -19.693176  60.155556  
479  0  1.9734955  35.761276  35.81569  
480  135  164.46204  -9.762024  164.75151  
481  137  59.98556  24.632034  64.84601  
482  137  68.68286  171.57654  184.813  
483  135  167.76909  45.23387  173.7601  
484  134  -526.8317  55.370895  529.7335  
485  135  -73.65542  -28.158478  78.85442  
486  133  -44.897606  332.11682  335.13785  
487  138  0.71988106  111.1769  111.17924  
488  0  -187.52827  75.14035  202.0221  
489  0  -54.570625  44.321487  70.301834  
490  0  8.698074  -68.22417  68.7764  
491  0  -66.70955  41.05017  78.32803  
492  0  186.2576  171.12039  252.93098  
493  0  -34.117607  259.4537  261.6873  
494  0  320.26764  -694.2458  764.55774  
495  0  63.465393  -109.65018  126.69261  
496  132  202.34952  76.220505  216.2288  
497  133  86.046036  -39.261368  94.579994  
498  135  -16.234247  122.03705  123.112114  
499  133  72.754944  139.92625  157.71062  
500  133  -157.99692  6.207245  158.1188  
501  130  -102.90091  156.58408  187.36906  
502  133  496.57672  -517.4817  717.19995  
503  135  160.2446  -66.435684  173.47055  
504  0  -70.63361  -284.35242  292.99387  
505  0  -39.72353  -98.692566  106.38694  
506  0  151.22412  -180.18631  235.23572  
507  0  54.476414  -152.16362  161.6213  
508  0  205.97389  -14.117447  206.45714  
509  0  158.88023  -94.26204  184.73834  
510  0  -199.79344  22.896652  201.10115  
511  0  -59.071293  -141.25757  153.11147  
512  135  308.63797  469.79413  562.1067  
513  135  174.69475  68.89908  187.79068  
514  136  -93.28914  106.95705  141.92488  
515  135  18.00727  151.34569  152.4132  
516  133  -41.318176  -129.9091  136.32155  
517  135  -23.796589  -14.044525  27.63198  
518  136  193.0497  -209.87924  285.1622  
519  136  4.1398163  -427.11902  427.13907  
520  137  402.4009  1146.8206  1215.3699  
521  0  74.63599  308.637  317.5332  
522  0  404.68732  129.86542  425.01395  
523  0  221.95146  55.836426  228.86713  
524  0  207.36542  236.58994  314.60327  
525  0  248.67036  171.92215  302.3147  
526  0  132.9617  197.9916  238.4942  
527  0  116.297356  228.47646  256.37195  
528  0  179.7763  -192.62161  263.48172  
529  134  376.72723  29.765427  377.9013  
530  135  -263.6497  0.9464493  263.6514  
531  131  94.23299  102.95972  139.57277  
532  137  160.66672  -75.30696  177.43994  
533  124  159.5271  -31.577866  162.62244  
534  134  400.51498  32.381264  401.82184  
535  135  413.97406  17.550385  414.34592  
536  133  545.3161  320.44257  632.4975  
537  0  1307.1787  548.65466  1417.6523  
538  0  -2241.4004  -1013.1114  2459.7297  
539  0  -479.48694  -314.17072  573.246  
540  0  -360.51648  16.64222  360.9004  
541  0  -33.986122  -21.838127  40.39753  
542  0  -188.29553  -127.00103  227.12215  
543  0  -130.49838  -61.804382  144.39394  
544  0  -4.112175  -210.57982  210.61996  
545  136  -95.1072  -246.47202  264.18524  
546  135  262.10886  162.29349  308.28595  
547  134  14.644539  78.01288  79.37551  
548  136  387.68127  -337.3023  513.8771  
549  135  219.47139  -250.4138  332.97864  
550  134  396.82275  -33.33004  398.22003  
551  135  411.47522  -225.55222  469.23944  
552  136  366.13367  -176.8495  406.60745  
553  0  733.0189  -206.29843  761.4958  
554  0  1053.2368  -719.25476  1275.3961  
555  0  2972.5088  -1574.7362  3363.8672  
556  0  -4781.6826  2501.7317  5396.587  
557  0  -1349.8865  848.3046  1594.3069  
558  0  -948.53186  257.3788  982.8309  
559  0  -660.70374  263.2343  711.2115  
560  0  -399.7354  166.90926  433.18253  
561  134  -312.7741  85.87412  324.3486  
562  135  -223.50438  300.08542  374.17303  
563  135  -36.8547  154.8939  159.21806  
564  137  -657.0013  166.86255  677.85974  
565  133  -333.12924  69.19777  340.24023  
566  131  -266.39615  479.28876  548.34717  
567  135  -211.04361  260.75958  335.4623  
568  136  -381.1292  263.40112  463.29214  
569  137  -339.4989  267.47217  432.20468  
570  0  -276.7397  148.89467  314.25226  
571  0  -408.78198  269.603  489.682  
572  0  -76.29161  460.6775  466.952  
573  0  -283.6939  964.2997  1005.16473  
574  0  58.791122  -1102.7543  1104.3203  
575  0  -220.8778  -267.76346  347.10846  
576  0  25.420242  -121.29021  123.92539  
577  0  23.85028  -75.341064  79.02602  
578  137  -123.79045  148.8436  193.59363  
579  135  -27.10344  92.46086  96.35148  
580  140  -258.79453  61.106117  265.91083  
581  139  -268.43832  275.61395  384.7365  
582  133  107.699615  -317.08054  334.872  
583  133  101.80325  20.634682  103.87344  
584  133  -234.22978  -151.77344  279.10352  
585  135  -189.89526  9.4487095  190.13019  
586  0  -47.446  -174.77893  181.10439  
587  0  -161.17618  -178.60811  240.57976  
588  0  13.641678  -37.371002  39.783  
589  0  21.450302  -165.3432  166.72879  
590  0  -377.8907  28.738646  378.9819  
591  0  -511.41656  -359.60065  625.1876  
592  0  313.19873  482.80792  575.49713  
593  0  136.18022  140.63002  195.75969  
594  133  -99.29227  254.33076  273.02582  
595  135  -45.28363  179.67876  185.29723  
596  137  -125.6275  -12.220491  126.22048  
597  132  -211.78197  69.480484  222.88818  
598  133  12.068939  -99.947685  100.67373  
599  136  -224.96329  -405.79288  463.97882  
600  133  145.5223  540.57367  559.8184  
601  133  9.929382  283.84814  284.02176  
602  0  150.96977  94.54924  178.13318  
603  0  80.22652  94.23427  123.75941  
604  0  96.41318  336.9168  350.44034  
605  0  167.69456  147.68536  223.45566  
606  0  -43.082405  146.48033  152.68459  
607  0  106.16936  330.80908  347.42853  
608  0  118.68173  -40.889404  125.52807  
609  0  421.3218  13.96207  421.55307  
610  0  -430.82556  147.04352  455.22794  
611  135  -172.64952  195.05405  260.48788  
612  136  -116.54614  -2.8912277  116.582  
613  135  -116.928276  -8.7460785  117.25492  
614  139  59.81566  37.65026  70.678535  
615  137  52.529022  -34.596  62.898182  
616  135  164.82909  247.18831  297.10382  
617  135  701.99976  304.86707  765.3415  
618  134  -749.1305  -58.16544  751.3852  
619  0  -281.71445  -72.72203  290.94934  
620  0  -290.9311  230.83914  371.38608  
621  0  -179.50128  199.50334  268.3697  
622  0  -340.99518  188.54808  389.65125  
623  0  -316.871  236.06285  395.13657  
624  0  -239.51161  34.252586  241.94844  
625  0  -357.2415  50.051083  360.73062  
626  0  -136.24518  275.27866  307.14993  
627  136  -327.2774  470.41296  573.061  
628  133  12.214561  -61.720894  62.917915  
629  135  -181.2123  65.74187  192.769  
630  137  -42.08203  196.27734  200.73788  
631  135  -60.62239  177.51804  187.58392  
632  134  -229.82782  349.11523  417.97403  
633  135  -247.5963  481.57184  541.49365  
634  138  -586.42065  444.93295  736.10767  
635  0  -1666.8481  1338.5548  2137.782  
636  0  1058.3967  -639.70416  1236.6992  
637  0  364.77972  -31.390854  366.1279  
638  0  94.27261  -132.07776  162.27095  
639  0  8.303131  -3.0052643  8.830266  
640  0  182.6457  -26.32444  184.533  
641  0  101.65945  29.169182  105.76145  
642  0  106.57463  197.94931  224.81566  
643  138  269.761  113.02615  292.48233  
644  135  -204.32867  246.90402  320.48682  
645  136  -130.74854  60.17276  143.93033  
646  137  32.251945  552.70386  553.64404  
647  133  82.75165  524.30884  530.799  
648  134  -150.00616  672.0701  688.60736  
649  137  -49.112724  835.6083  837.05035  
650  135  -206.53381  918.88367  941.8086  
651  0  -213.10455  1368.3376  1384.8326  
652  0  -17.246368  2404.9846  2405.0464  
653  0  -332.095  9004.8545  9010.977  
654  0  93.94274  -5351.815  5352.6396  
655  0  -97.806496  -2052.5178  2054.847  
656  0  81.72399  -1335.5952  1338.0931  
657  0  45.73214  -1053.049  1054.0415  
658  0  70.15843  -617.2407  621.2152  
659  0  115.32748  -544.81976  556.8923  
660  138  -120.83322  -452.48514  468.3412  
661  137  -156.035  -160.1853  223.62079  
662  131  108.88602  -551.76886  562.41003  
663  136  198.92282  -371.64014  421.529  
664  135  -220.30975  -511.81223  557.2146  
665  132  -181.04097  -337.85007  383.2995  
666  137  -53.493767  -481.11328  484.07806  
667  136  -137.31462  -522.8176  540.5493  
668  0  -77.98503  -418.77377  425.97318  
669  0  -0.17427063  -580.25354  580.25354  
670  0  -358.42816  -439.25568  566.9359  
671  0  -1200.0729  -1238.8945  1724.8289  
672  0  587.63904  205.07083  622.3935  
673  0  344.72278  -144.51382  373.7888  
674  0  42.205635  -35.58896  55.207695  
675  0  174.71843  2.271721  174.7332  
676  135  -43.23965  -205.40082  209.90276  
677  126  -112.83284  -74.777954  135.36244  
678  135  -2.5296135  -319.01273  319.02277  
679  133  -206.09576  -510.7827  550.7944  
680  141  114.79383  40.947998  121.87847  
681  135  -190.97055  57.48976  199.43626  
682  139  153.49295  -165.84581  225.97548  
683  137  5.395439  -295.6385  295.6877  
684  0  160.71394  -54.713486  169.772  
685  0  201.35605  -163.7271  259.52036  
686  0  95.80724  -55.457184  110.70017  
687  0  126.14662  104.49138  163.80298  
688  0  153.55289  -186.87831  241.87186  
689  0  780.45416  -284.16132  830.5759  
690  0  -406.17688  -66.1642  411.53052  
691  0  -96.66773  15.265762  97.86569  
692  133  -155.65646  -215.81567  266.09274  
693  134  -144.40054  -136.78407  198.90047  
694  133  -42.100792  -152.40721  158.11526  
695  138  23.001205  -253.46155  254.50307  
696  138  32.03301  -41.291466  52.259914  
697  135  654.67  -101.56395  662.50134  
698  136  -296.77716  -143.3482  329.58365  
699  140  -83.30049  -335.3233  345.5151  
700  138  -138.23602  -9.606216  138.5694  
701  0  -85.37291  -16.481956  86.94934  
702  0  -192.25005  -98.33108  215.93768  
703  0  -174.4388  83.351166  193.32954  
704  0  -188.61353  -167.28627  252.11061  
705  0  -330.0317  -178.07239  375.0076  
706  0  -42.974846  39.16913  58.146866  
707  0  -418.66946  459.6958  621.7752  
708  0  -43.135227  -251.1625  254.83966  
709  139  -175.35135  -300.18796  347.65054  
710  135  -28.685642  -124.09765  127.3699  
711  134  -54.147003  -235.97784  242.1104  
712  135  -53.028297  -37.0347  64.68052  
713  132  75.49912  32.04837  82.01961  
714  133  -198.5  -15.138763  199.07645  
715  137  -815.61536  653.0499  1044.8457  
716  138  74.54706  -280.2906  290.0346  
717  0  152.11365  -79.15182  171.4747  
718  0  -133.19069  -227.9245  263.98737  
719  0  -140.43855  -159.71396  212.67706  
720  0  -61.786484  -282.61688  289.29202  
721  0  -151.61267  -305.18057  340.76617  
722  0  -53.65172  -193.77469  201.065  
723  0  180.77238  -372.18018  413.75928  
724  0  -198.35454  -200.26337  281.86865  
725  139  -348.32428  -569.45245  667.5372  
726  135  -76.46916  -102.3308  127.74633  
727  135  73.18194  -163.48169  179.11409  
728  135  -178.66043  -124.34427  217.67188  
729  137  -138.79893  -78.74004  159.578  
730  135  -139.55713  -288.22546  320.23447  
731  135  -374.64734  -317.9112  491.3534  
732  134  -84.14664  -458.95306  466.60324  
733  0  -536.13385  -2331.7092  2392.5525  
734  0  -106.67671  323.53455  340.66776  
735  0  -365.5671  35.824684  367.31827  
736  0  -83.293915  -56.67209  100.74523  
737  0  -152.44682  -295.4374  332.45044  
738  0  -140.5285  -113.69824  180.7638  
739  0  -52.038155  -111.75987  123.281136  
740  0  -324.78284  -62.136246  330.67325  
741  0  -306.7942  138.52478  336.61816  
742  133  -326.32092  -302.36908  444.87347  
743  138  39.952118  -239.79498  243.1004  
744  135  -530.33154  -357.43396  639.5393  
745  139  -576.05505  -293.39334  646.4666  
746  133  -706.255  -407.18  815.2249  
747  134  -941.17395  -577.6213  1104.2893  
748  139  -1067.279  -712.922  1283.4884  
749  132  -1576.4343  -1157.5146  1955.757  
750  0  -3078.1482  -1932.2344  3634.3535  
751  0  -28817.908  -17130.805  33525.16  
752  0  4067.702  2345.5095  4695.489  
753  0  2082.1626  913.9597  2273.9226  
754  0  1281.2545  781.5612  1500.8168  
755  0  1000.7061  605.9812  1169.8829  
756  0  729.7916  360.22986  813.8559  
757  0  502.74918  391.88986  637.4436  
758  132  538.5492  261.52643  598.69135  
759  134  229.98732  -98.43095  250.16559  
760  136  505.854  259.09415  568.34674  
761  135  112.3357  385.74484  401.76907  
762  134  412.72556  157.48193  441.74988  
763  135  268.995  14.328194  269.3763  
764  137  352.15625  101.043724  366.36575  
765  131  463.35245  40.524727  465.12122  
766  0  363.01672  104.805145  377.84293  
767  0  452.51434  270.36703  527.1315  
768  0  368.96005  28.873207  370.08807  
769  0  2157.527  -642.59033  2251.1875  
770  0  66.57598  139.98456  155.0098  
771  0  189.991  280.661  338.92062  
772  0  184.14389  128.26355  224.41148  
773  0  -0.91160583  111.45409  111.45782  
774  138  244.83635  -9.144577  245.00706  
775  135  170.88982  -85.15281  190.93018  
776  136  178.89322  78.32588  195.28883  
777  133  668.8222  -50.110706  670.69684  
778  135  160.84138  82.40056  180.72023  
779  134  87.927635  -212.5449  230.01436  
780  134  192.9802  94.27893  214.77866  
781  137  265.3045  91.1456  280.5245  
782  0  172.04893  -3.0538025  172.07603  
783  0  106.70498  153.50253  186.94646  
784  0  131.0431  36.323063  135.98404  
785  0  -141.8826  -43.835068  148.49979  
786  0  169.1088  126.61358  211.25525  
787  0  -161.04323  1041.4005  1053.7788  
788  0  167.37138  0.4278736  167.37193  
789  0  -17.859375  -120.21182  121.53123  
790  0  181.96594  21.410706  183.22124  
791  136  226.75371  -96.54422  246.45087  
792  135  148.90483  33.34581  152.5929  
793  137  314.74304  134.20766  342.16205  
794  133  157.32352  55.48191  166.82005  
795  137  -227.60744  556.9406  601.65436  
796  134  149.47403  -15.084163  150.23322  
797  136  312.91794  185.65176  363.84644  
798  138  160.76556  -75.4403  177.58604  
799  0  74.30003  140.9473  159.33185  
