n v(n)    Re(T)       Im(T)        Mod(T) 
   
0  0  54306.0  0.0  54306.0  
1  0  456.7834  -196.11903  497.10535  
2  135  292.9686  109.22286  312.66632  
3  133  101.39133  198.9291  223.27782  
4  136  121.127975  -345.38718  366.01132  
5  0  338.37012  -16.23763  338.7595  
6  0  183.44292  172.43379  251.76321  
7  135  226.57266  237.56816  328.2892  
8  136  294.8792  60.58406  301.0385  
9  136  -66.127365  503.84137  508.16232  
10  0  417.92725  357.63922  550.06274  
11  0  376.71454  292.59372  476.99573  
12  134  833.69183  234.02272  865.9149  
13  139  1263.5154  923.714  1565.1577  
14  137  4461.371  3530.4436  5689.2764  
15  0  -2174.2856  -1855.1968  2858.194  
16  0  -677.22906  -659.3046  945.15704  
17  131  -711.9968  -196.3932  738.5863  
18  133  -499.71854  -309.26044  587.6739  
19  0  -225.59232  -40.22123  229.14983  
20  0  -20.626984  -573.42346  573.7943  
21  0  -240.70233  -302.8105  386.8227  
22  135  2.467926  -289.70193  289.71246  
23  138  60.84195  -300.91846  307.00757  
24  0  -67.55423  -159.29411  173.02655  
25  0  -508.886  -212.42943  551.44464  
26  0  -50.390854  -330.3704  334.1913  
27  132  70.730804  -208.53874  220.20729  
28  141  -270.99615  79.50389  282.41776  
29  0  -184.18799  -152.55057  239.15872  
30  0  224.73306  55.256447  231.4265  
31  0  -75.39748  17.356598  77.369446  
32  138  -322.97626  -127.9872  347.41098  
33  138  258.18878  -280.90988  381.53876  
34  0  108.410866  -65.10257  126.45656  
35  0  -37.718597  -165.31973  169.568  
36  0  -141.59036  -110.411865  179.55113  
37  138  207.49152  12.452618  207.86485  
38  135  -372.19147  -269.9768  459.79776  
39  0  -229.85495  -105.73662  253.00896  
40  0  -165.9542  -216.42812  272.7305  
41  0  174.5794  -57.61815  183.84184  
42  135  -69.334  10.061127  70.06019  
43  137  -990.27985  1906.3156  2148.1836  
44  0  53.84559  -95.96358  110.03797  
45  0  82.982346  171.4584  190.48373  
46  138  -346.94873  -120.87454  367.4018  
47  135  -88.25261  -169.4923  191.09203  
48  137  -688.0035  83.62442  693.06696  
49  0  137.46039  -34.09823  141.62643  
50  0  13.481522  -209.46457  209.89796  
51  137  173.7331  65.451256  185.65305  
52  135  104.95104  174.84613  203.9262  
53  133  55.70027  222.75848  229.61678  
54  0  -149.75328  -379.09552  407.60208  
55  0  164.3372  -80.25724  182.88779  
56  146  141.32228  66.18613  156.05316  
57  132  -45.0578  -282.18622  285.76086  
58  133  141.62431  -211.50507  254.54242  
59  0  -62.044624  181.93236  192.22101  
60  0  -220.65115  71.38758  231.91188  
61  135  -159.17062  -344.03455  379.0713  
62  134  194.39963  57.333607  202.67796  
63  135  -84.45004  137.99374  161.78406  
64  0  122.79945  -38.537865  128.70459  
65  0  74.680275  -85.99883  113.89883  
66  133  -18.347626  356.40735  356.8793  
67  135  110.3511  -138.15614  176.81766  
68  137  95.04984  -172.5328  196.98233  
69  0  210.87015  -236.1557  316.60028  
70  0  259.4132  109.76312  281.67917  
71  135  512.2339  -30.345459  513.13196  
72  131  -964.99945  -286.04886  1006.5028  
73  131  -121.76776  18.814095  123.212654  
74  0  -382.92905  112.90389  399.22668  
75  0  -79.10024  -191.7046  207.3825  
76  139  122.27635  5.831894  122.415344  
77  138  -454.2683  -1050.8447  1144.8295  
78  0  -143.10095  -212.7595  256.4069  
79  0  122.263725  -223.60776  254.85063  
80  0  -109.45313  -36.43477  115.358055  
81  134  -210.83174  -5.4092026  210.90112  
82  139  -448.35916  127.576515  466.1563  
83  0  108.74843  -263.68494  285.22968  
84  0  4.300865  -16.897293  17.436054  
85  0  -143.31941  92.039635  170.32835  
86  134  117.42395  -118.64861  166.93076  
87  133  276.7888  62.56671  283.77213  
88  0  -240.97266  0.6696396  240.97359  
89  0  -239.19443  -185.47559  302.67996  
90  0  237.40108  -324.50378  402.07208  
91  135  -63.321762  42.200317  76.09541  
92  131  -202.85085  -164.00507  260.85654  
93  0  -68.98837  44.24563  81.95774  
94  0  41.077896  76.47375  86.80799  
95  0  -490.34045  -23.81388  490.9184  
96  137  -107.632355  -50.71553  118.98231  
97  133  81.85905  -7.2690506  82.18116  
98  0  132.48033  131.874  186.92723  
99  0  -175.16446  189.46289  258.02863  
100  0  68.280815  684.834  688.2295  
101  150  -14.179253  -348.01062  348.29935  
102  135  -126.56851  16.359215  127.62136  
103  0  -425.5325  -178.28342  461.37064  
104  0  -173.01675  -73.930504  188.15025  
105  138  -753.09735  558.3814  937.5209  
106  134  896.8685  -791.68054  1196.299  
107  134  310.98224  -424.2215  525.9979  
108  0  379.8959  -28.76651  380.98346  
109  0  165.85117  -177.35715  242.82127  
110  135  146.64743  -236.98672  278.6901  
111  137  -198.92159  -526.7014  563.0135  
112  135  133.55716  -48.56099  142.11153  
113  0  9.769585  -195.34698  195.59113  
114  0  -125.32418  -308.2012  332.70728  
115  135  159.64053  -221.79602  273.2738  
116  135  26.432152  274.66077  275.9297  
117  137  -126.2149  -280.8929  307.94647  
118  0  17.342957  -345.3476  345.7828  
119  0  318.0017  -53.72175  322.50754  
120  135  -58.478317  -72.9462  93.49258  
121  135  136.93912  -357.8236  383.13193  
122  132  93.30359  -123.74197  154.97623  
123  0  -34.70484  57.357033  67.03921  
124  0  -54.006203  -487.36853  490.35165  
125  137  5.6435013  -345.98206  346.02808  
126  136  34.400146  -168.94803  172.41463  
127  134  -10.820122  -70.86574  71.68701  
128  0  15.613583  -333.21448  333.58008  
129  0  -576.276  -13.823303  576.4418  
130  135  -30.894775  -102.59247  107.14337  
131  138  -277.96512  -227.98569  359.50253  
132  0  -112.75918  -593.5117  604.1281  
133  0  -254.92105  -453.67667  520.3914  
134  0  -2672.9204  -2356.8352  3563.5903  
135  136  727.2362  316.9995  793.3229  
136  135  565.9674  92.76481  573.5193  
137  0  125.25692  231.08278  262.84702  
138  0  31.608562  90.38151  95.749245  
139  0  97.40202  137.10132  168.17825  
140  137  407.01718  -303.26776  507.5769  
141  136  115.07715  -86.28048  143.83  
142  0  276.67838  -142.82938  311.3698  
143  0  368.1955  -267.42938  455.06747  
144  0  352.0934  -168.88525  390.50223  
145  137  -221.03107  -160.72594  273.29025  
146  133  131.55017  -394.69476  416.04016  
147  0  309.01547  -400.50128  505.85754  
148  0  15.190926  -85.77983  87.11454  
149  0  -13.300556  -327.83524  328.10495  
150  136  367.37344  -203.86835  420.14944  
151  135  249.94078  -164.24232  299.07513  
152  0  -117.02278  -231.22601  259.15207  
153  0  390.03415  -517.7173  648.1958  
154  0  487.6015  -393.4936  626.57196  
155  142  359.13614  -472.02936  593.1193  
156  135  288.71204  -515.16205  590.54767  
157  0  605.17206  -517.7478  796.427  
158  0  223.73395  -1062.6626  1085.9597  
159  134  354.01657  -1045.6003  1103.9058  
160  133  512.3697  -1534.2617  1617.5542  
161  134  1238.7855  -2235.0723  2555.4133  
162  0  2279.3337  -4542.9136  5082.659  
163  0  -14513.852  30182.533  33490.85  
164  136  -1625.706  3530.7996  3887.0896  
165  134  -736.9399  2173.3872  2294.9275  
166  135  -753.2934  1276.2433  1481.9742  
167  0  -534.94824  870.5293  1021.7587  
168  0  -878.5645  781.7474  1176.0121  
169  138  -215.88994  793.40967  822.25745  
170  137  -311.28036  503.1452  591.6507  
171  132  -218.11914  550.89667  592.5058  
172  0  0.8178711  553.973  553.97363  
173  0  -95.517006  754.8733  760.89233  
174  134  -206.67914  97.30006  228.43723  
175  136  -0.16065216  245.36136  245.36142  
176  135  173.40053  417.0864  451.6955  
177  0  -212.9316  184.87027  281.98737  
178  0  -37.033875  -48.457443  60.98878  
179  136  -59.37135  417.8345  422.03156  
180  132  -202.63806  367.8192  419.94424  
181  137  -292.91953  -95.20093  308.00174  
182  0  60.648594  257.21478  264.26822  
183  0  -98.80767  407.47504  419.28375  
184  136  46.464226  311.17938  314.6292  
185  140  7.2652197  168.66096  168.81737  
186  0  22.163252  619.71136  620.1076  
187  0  211.9174  223.35242  307.88843  
188  0  184.32039  123.07614  221.63425  
189  133  402.4489  -29.590591  403.5353  
190  136  670.01514  446.07178  804.92255  
191  0  1618.8762  509.54468  1697.173  
192  0  -2193.0676  -432.42786  2235.294  
193  0  -593.9712  72.15117  598.33734  
194  135  -581.0618  347.79135  677.194  
195  135  -403.2738  96.099464  414.5659  
196  0  -115.46669  238.79172  265.24335  
197  0  -299.73193  -469.48862  557.0088  
198  0  -322.66925  61.424522  328.4637  
199  135  -75.97844  -153.15347  170.96405  
200  135  -106.054306  19.831245  107.89251  
201  0  -253.16168  87.09903  267.72574  
202  0  -539.5904  191.76665  572.6537  
203  0  -67.62963  -95.717804  117.19926  
204  135  -75.75569  78.38664  109.01096  
205  134  -233.94658  326.09073  401.33047  
206  0  -129.83597  -29.062256  133.04884  
207  0  220.32274  153.5624  268.55823  
208  0  -245.38849  243.85217  345.94708  
209  134  -382.43823  58.798904  386.93192  
210  136  76.76362  -165.22733  182.1887  
211  0  -64.90865  195.76886  206.24883  
212  0  -216.46451  39.414017  220.02351  
213  139  -124.99972  62.597588  139.79767  
214  137  49.608948  170.60217  177.66866  
215  135  -561.2196  109.37314  571.77783  
216  0  -256.6545  144.6814  294.6256  
217  0  -129.98108  69.5749  147.43048  
218  133  64.54007  241.3422  249.82289  
219  137  -179.91795  353.24054  396.42065  
220  134  -29.48365  1587.0005  1587.2743  
221  0  -93.82454  -333.07965  346.04205  
222  0  -54.36464  98.10689  112.16272  
223  139  -501.45114  -118.37898  515.23474  
224  132  -249.56696  -102.71991  269.8797  
225  133  -645.3409  507.67047  821.09326  
226  0  342.98563  -224.24733  409.78775  
227  0  -2.0318642  -153.39168  153.40514  
228  133  230.62756  5.4678802  230.69238  
229  135  132.38388  187.345  229.39844  
230  136  13.355194  69.17759  70.454956  
231  0  -330.63937  -354.64905  484.86942  
232  0  39.208084  -99.21727  106.683365  
233  135  59.505413  -56.766846  82.23971  
234  137  -254.37172  -93.09239  270.87112  
235  135  -59.52959  -143.83864  155.67056  
236  0  -63.440784  450.576  455.02026  
237  0  -208.90338  68.53342  219.85779  
238  135  -257.15585  -190.58606  320.0815  
239  133  158.48288  122.30301  200.18703  
240  136  -3.2283325  185.38412  185.41223  
241  0  -28.56483  -8.54335  29.815071  
242  0  34.17213  28.719452  44.637894  
243  135  -18.607738  375.80304  376.26343  
244  136  -112.57556  -266.26233  289.08282  
245  0  -90.58957  -220.6016  238.47752  
246  0  34.707706  -176.51674  179.89659  
247  0  33.315716  176.50423  179.62093  
248  135  17.795486  -139.96368  141.09044  
249  135  -1067.4637  339.8861  1120.2686  
250  0  -158.40762  185.00684  243.55801  
251  0  -275.84833  269.04462  385.32755  
252  0  -165.81592  -275.00604  321.12805  
253  135  11.645996  -49.37899  50.733753  
254  133  -1124.1816  -859.766  1415.2675  
255  0  -123.66617  183.6434  221.40059  
256  0  41.053818  -118.75363  125.64967  
257  0  -169.25153  226.09937  282.4305  
258  135  -223.33713  220.05807  313.53635  
259  133  -197.76291  333.55786  387.777  
260  0  113.89731  -116.42459  162.87198  
261  0  -102.144135  61.90528  119.43906  
262  0  -26.673798  88.00369  91.95728  
263  137  2.345375  -91.10534  91.13552  
264  137  167.06488  22.284523  168.54457  
265  0  -430.83902  180.63176  467.17245  
266  0  -305.5822  -143.4236  337.566  
267  0  46.809875  -197.5571  203.02702  
268  136  -147.4129  205.26653  252.71509  
269  135  -336.9847  97.17636  350.7163  
270  0  -28.411957  37.194588  46.804665  
271  0  -94.20815  186.52295  208.96408  
272  135  -501.2266  270.12695  569.3827  
273  136  -0.46485138  46.095146  46.09749  
274  134  81.79514  57.053917  99.7276  
275  0  22.364738  97.41337  99.947716  
276  0  -169.74442  202.70868  264.39362  
277  135  161.37961  389.9892  422.06036  
278  134  -319.83374  -315.68628  449.39008  
279  133  -370.72272  158.35239  403.1263  
280  0  -532.30273  9.910118  532.39496  
281  0  -148.05602  221.86731  266.73148  
282  135  -390.58102  879.7149  962.5237  
283  133  917.5912  -2039.3705  2236.2927  
284  138  151.16522  -535.4553  556.38416  
285  0  210.10211  -150.12994  258.2284  
286  0  -75.60003  -177.35332  192.7941  
287  136  -176.96564  -194.20082  262.73712  
288  136  -600.35254  -335.8322  687.9  
289  135  -61.124367  -27.032959  66.83539  
290  0  -226.41159  -164.5919  279.91553  
291  0  -255.55768  -32.470573  257.61224  
292  131  -28.089958  0.6439743  28.09734  
293  132  -66.53547  368.11078  374.07556  
294  133  -342.3011  -188.8133  390.92264  
295  0  -231.14778  -163.02342  282.8532  
296  0  33.156883  -1.3531113  33.184483  
297  136  -316.6831  20.21605  317.3277  
298  138  -172.44257  -281.53137  330.14597  
299  0  -214.62775  47.3692  219.79288  
300  0  -310.7539  126.54537  335.532  
301  0  -619.41174  -398.7138  736.6435  
302  134  -344.64905  -206.16866  401.60736  
303  137  -437.92392  16.484634  438.23407  
304  0  -449.95007  -8.033737  450.0218  
305  0  -632.8296  -129.79633  646.00336  
306  0  -940.2089  300.78363  987.14923  
307  135  -612.81  -74.31699  617.29987  
308  134  -1061.7286  -248.39453  1090.398  
309  0  -1345.518  -574.27106  1462.9442  
310  0  -2256.4104  -530.08356  2317.8389  
311  0  -8451.234  -1919.0372  8666.375  
312  135  5589.1694  1259.2408  5729.267  
313  136  2276.4036  475.76074  2325.5884  
314  0  1267.1115  674.35254  1435.3824  
315  0  864.88776  321.0097  922.53894  
316  0  895.0434  302.21036  944.68713  
317  137  688.1269  -311.58313  755.3825  
318  137  460.04184  52.639732  463.04367  
319  0  542.4294  -28.068481  543.1551  
320  0  462.24493  -143.01021  483.86185  
321  0  389.79764  84.99887  398.9574  
322  135  -74.77844  280.28247  290.08633  
323  139  176.81506  -55.08055  185.19566  
324  0  365.8211  -19.198875  366.32455  
325  0  213.27878  379.8923  435.6673  
326  136  88.402794  54.128113  103.65764  
327  136  474.67593  72.51064  480.18228  
328  136  150.35733  175.0101  230.72897  
329  0  -20.468857  227.30939  228.22913  
330  0  314.42966  -195.64424  370.3278  
331  136  398.97852  22.061028  399.58798  
332  134  145.89603  12.498138  146.43037  
333  132  123.78726  71.697845  143.05197  
334  0  316.73425  35.662468  318.73563  
335  0  -246.29272  16.7239  246.85986  
336  135  -68.927055  185.08745  197.50519  
337  134  -53.49639  124.74638  135.73328  
338  137  285.21637  154.19609  324.22955  
339  0  96.93446  481.0178  490.68768  
340  0  136.72133  4924.123  4926.0205  
341  139  281.97015  -388.8612  480.3334  
342  132  255.0776  30.904034  256.9429  
343  137  -126.42168  -62.55644  141.05229  
344  0  -83.9673  -146.33745  168.7162  
345  0  -305.22064  203.3312  366.7468  
346  133  351.28693  -68.67348  357.93652  
347  135  137.8966  -107.37906  174.77339  
348  138  258.9854  5.430542  259.04236  
349  0  381.0061  162.19484  414.09277  
350  0  181.17978  155.89746  239.0191  
351  136  -116.3011  -298.8744  320.70523  
352  135  208.04216  -123.3669  241.86966  
353  0  217.6755  -12.416492  218.02934  
354  0  -79.70213  -86.29649  117.47134  
355  0  136.90228  -260.95734  294.68793  
356  134  157.8949  230.56287  279.44592  
357  135  55.6131  137.22455  148.0655  
358  0  -182.1558  -215.4603  282.1416  
359  0  325.6756  9.097248  325.8026  
360  0  142.81505  218.86911  261.34235  
361  132  177.8666  2.4454422  177.8834  
362  138  196.89742  -13.624004  197.3682  
363  0  229.91383  355.66226  423.50446  
364  0  189.9866  -240.69121  306.6385  
365  0  165.37311  -127.379974  208.74367  
366  135  249.58467  -210.10234  326.24454  
367  132  454.9626  45.9482  457.27692  
368  0  557.5642  -113.6707  569.03326  
369  0  -1586.7128  430.4622  1644.0667  
370  0  -150.5  200.07082  250.3569  
371  134  -114.92958  363.59418  381.32602  
372  134  -104.18323  -57.01075  118.76182  
373  0  132.8143  -54.221676  143.45602  
374  0  -619.67706  -602.66583  864.41064  
375  0  -119.92325  1.7031841  119.93534  
376  135  89.10156  -110.09665  141.6346  
377  135  -62.210426  60.945747  87.08916  
378  0  -129.23706  149.51608  197.62914  
379  0  -249.60202  356.3416  435.0638  
380  0  102.98396  -124.5438  161.6071  
381  134  109.55148  1.8481045  109.56707  
382  137  12.480515  268.71667  269.00635  
383  0  2.6330872  -112.4749  112.505714  
384  0  358.865  -69.84398  365.5985  
385  136  -82.28115  194.42839  211.12221  
386  135  -169.7278  23.802414  171.38869  
387  137  203.08763  -275.88947  342.57785  
388  0  43.069397  90.442635  100.174065  
389  0  -108.15224  34.541954  113.53437  
390  135  -0.54722595  40.836765  40.84043  
391  138  198.573  93.57806  219.51785  
392  139  -429.73486  282.40637  514.2231  
393  0  5.4222107  120.38711  120.509155  
394  0  94.52081  80.32074  124.03873  
395  137  337.71234  101.625786  352.67184  
396  133  97.192535  450.1692  460.54172  
397  136  485.93552  741.56116  886.59247  
398  0  -113.56456  -516.7115  529.04407  
399  0  -115.10715  10.938855  115.62575  
400  135  -449.99902  -0.954757  450.00003  
401  139  -114.71959  -11.639034  115.3085  
402  123  -113.74787  516.0402  528.4279  
403  0  487.61322  -741.6541  887.5908  
404  0  98.106674  -450.13882  460.70587  
405  132  337.6253  -101.111244  352.44052  
406  138  94.26221  -80.46887  123.9379  
407  139  5.146698  -120.74982  120.85945  
408  0  -429.0797  -283.43228  514.2405  
409  0  198.91135  -93.10556  219.62325  
410  139  -0.47904968  -40.79933  40.802143  
411  139  -108.17016  -34.99939  113.69143  
412  0  43.567047  -90.312355  100.271675  
413  0  202.43523  276.1803  342.42603  
414  0  -169.75325  -24.447147  171.50461  
415  133  -81.77689  -194.91882  211.37836  
416  133  358.6787  70.38817  365.52005  
417  0  2.2265778  111.91945  111.9416  
418  0  12.860077  -268.97922  269.28647  
419  0  109.479126  -1.9389725  109.49629  
420  135  102.34552  124.42766  161.11128  
421  133  -249.21233  -357.07907  435.4449  
422  0  -128.86295  -149.83215  197.62422  
423  0  -62.09008  -60.92432  86.98822  
424  0  88.7018  110.252174  141.5046  
425  138  -120.25069  -1.7272243  120.26309  
426  138  -620.66095  601.40485  864.2382  
427  0  133.02832  53.8313  143.5073  
428  0  -104.322014  55.980614  118.39304  
429  0  -114.282234  -364.46875  381.96582  
430  136  -150.55466  -200.73138  250.91791  
431  131  -1584.7744  -433.72354  1643.0538  
432  0  559.0498  114.90907  570.73706  
433  0  455.83313  -44.84873  458.03412  
434  0  249.63756  210.30095  326.41293  
435  136  165.17278  127.0529  208.38542  
436  139  189.87286  240.6486  306.53458  
437  0  230.68466  -355.4749  423.76624  
438  0  196.78822  13.955936  197.28247  
439  137  177.95717  -2.4379387  177.97386  
440  140  143.13538  -218.68358  261.36227  
441  127  325.06854  -8.674999  325.18427  
442  0  -183.0922  214.61447  282.10303  
443  0  55.95659  -137.64043  148.58003  
444  134  158.41891  -230.03192  279.3049  
445  133  136.24544  261.27283  294.66306  
446  138  -79.83609  85.63037  117.07417  
447  0  217.69818  12.551868  218.05974  
448  0  207.74777  123.281784  241.57304  
449  132  -116.84355  298.08713  320.16925  
450  138  181.8241  -156.3432  239.79825  
451  136  381.19617  -162.1312  414.24274  
452  0  258.7635  -5.353203  258.81885  
453  0  137.59335  107.04701  174.33012  
454  136  350.55725  68.4733  357.182  
455  136  -305.2649  -204.72087  367.55585  
456  137  -84.419945  145.3707  168.10522  
457  0  -126.316956  60.886612  140.22536  
458  0  255.73837  -32.181805  257.75528  
459  131  281.0658  385.80103  477.32632  
460  135  146.62152  -4924.827  4927.0093  
461  135  97.9004  -478.14862  488.06824  
462  0  285.3889  -152.0679  323.37512  
463  0  -53.385277  -123.86248  134.87737  
464  141  -68.85535  -184.51329  196.94215  
465  135  -246.03519  -16.447449  246.58434  
466  0  317.379  -34.70408  319.27075  
467  0  124.23686  -71.1354  143.1609  
468  0  146.03697  -11.767429  146.5103  
469  134  398.86304  -20.980843  399.41446  
470  134  313.59573  196.36845  370.00385  
471  0  -20.235916  -227.2703  228.1694  
472  0  151.01067  -174.50954  230.7765  
473  0  474.8219  -71.24365  480.13696  
474  135  88.373146  -53.95591  103.54252  
475  136  214.21239  -379.28644  435.59747  
476  0  365.411  20.498238  365.98547  
477  0  176.22098  55.442284  184.73679  
478  0  -74.403046  -280.27417  289.98175  
479  142  390.47363  -83.70891  399.34552  
480  135  461.89587  144.19244  483.87936  
481  0  542.109  29.31971  542.9013  
482  0  459.78113  -51.575035  462.66476  
483  0  687.2743  312.71622  755.0744  
484  137  895.1768  -301.07938  944.4524  
485  132  864.67255  -319.4508  921.7958  
486  0  1267.5065  -671.503  1434.3949  
487  0  2275.11  -470.109  2323.172  
488  0  5581.8975  -1245.5957  5719.186  
489  133  -8463.008  1903.7643  8674.493  
490  134  -2257.0889  525.5044  2317.4565  
491  0  -1346.1531  571.2164  1462.3325  
492  0  -1061.9067  245.69325  1089.9592  
493  137  -612.78595  72.589096  617.0704  
494  136  -939.4421  -302.8806  987.06036  
495  138  -632.70026  128.6094  645.6392  
496  0  -449.6961  7.135338  449.75272  
497  0  -437.56015  -17.338272  437.90353  
498  136  -344.76495  205.90573  401.57196  
499  133  -620.03375  397.25568  736.3789  
500  135  -309.91144  -127.37998  335.0683  
501  0  -214.26099  -47.57328  219.4789  
502  0  -172.52231  280.89673  329.64664  
503  135  -316.38702  -20.989403  317.0825  
504  141  33.396797  1.432312  33.427498  
505  131  -231.58398  162.60614  282.9698  
506  0  -342.40778  187.8371  390.5456  
507  0  -65.51776  -368.33  374.1117  
508  135  -27.940506  -0.6111984  27.94719  
509  137  -255.694  32.317535  257.72824  
510  135  -226.93063  164.42107  280.23526  
511  0  -60.74565  26.830109  66.40699  
512  0  -600.78973  334.7162  687.7378  
513  139  -176.78754  193.90414  262.3979  
514  135  -75.13827  176.91656  192.21143  
515  137  210.50948  150.73102  258.9094  
516  0  150.43993  536.27075  556.9726  
517  0  913.1998  2039.7438  2234.8352  
518  132  -389.59494  -882.6176  964.7788  
519  135  -148.32365  -222.98428  267.80945  
520  0  -532.86475  -11.002548  532.97833  
521  0  -370.56888  -159.56177  403.46158  
522  0  -320.19168  314.38263  448.7306  
523  137  162.19467  -390.60986  422.94583  
524  134  -169.35934  -203.59473  264.82712  
525  0  22.826752  -97.86444  100.49134  
526  0  82.02412  -57.04464  99.910194  
527  0  -0.8523178  -46.60881  46.616604  
528  132  -500.8034  -271.5271  569.6762  
529  136  -93.33586  -186.58926  208.63158  
530  0  -28.693924  -37.023964  46.841385  
531  0  -336.78714  -98.089165  350.78064  
532  0  -146.91412  -205.3574  252.49837  
533  134  46.309128  197.63486  202.98785  
534  137  -305.8586  142.45892  337.40784  
535  0  -430.2708  -181.78647  467.09665  
536  0  167.35722  -22.00386  168.79755  
537  0  2.0280762  90.89992  90.92254  
538  134  -26.562813  -88.44295  92.34576  
539  133  -102.24484  -62.472862  119.820145  
540  0  113.89732  116.3857  162.8442  
541  0  -197.40565  -334.25504  388.19507  
542  0  -223.16284  -220.52048  313.73706  
543  135  -168.87033  -226.08298  282.18912  
544  136  40.473  119.088356  125.77798  
545  0  -123.962616  -183.62663  221.55241  
546  0  -1125.9486  857.45325  1415.2689  
547  0  11.690037  49.027817  50.40222  
548  137  -166.44604  273.72433  320.35806  
549  137  -275.3086  -270.32574  385.83783  
550  0  -158.20499  -185.82755  244.0506  
551  0  -1066.1975  -342.19153  1119.7643  
552  137  18.60646  140.00336  141.23434  
553  136  33.942665  -176.50551  179.73953  
554  134  34.71591  176.60104  179.9809  
555  0  -90.91725  220.29141  238.31544  
556  0  -112.72766  265.38004  288.32983  
557  136  -17.266994  -376.4469  376.8427  
558  132  34.514694  -28.950813  45.049015  
559  138  -28.636822  8.198242  29.787224  
560  0  -2.8212166  -185.73187  185.7533  
561  0  158.67972  -122.16338  200.25769  
562  131  -257.83398  190.01999  320.29044  
563  140  -208.77826  -69.78243  220.13167  
564  137  -62.523758  -450.79913  455.11435  
565  0  -59.735172  143.8641  155.77283  
566  0  -254.24408  92.390656  270.51077  
567  135  59.280582  56.449905  81.85829  
568  136  39.11013  98.92154  106.37233  
569  135  -330.7184  353.24854  483.9  
570  0  13.991163  -69.939606  71.32532  
571  0  133.01682  -187.65056  230.01349  
572  136  230.75377  -5.4733734  230.81866  
573  131  -2.5687428  152.9243  152.94588  
574  0  341.74564  224.00264  408.61627  
575  0  -644.8668  -509.44934  821.82227  
576  0  -249.94904  101.75658  269.86835  
577  135  -501.52145  116.457886  514.86523  
578  133  -53.798256  -99.264786  112.90594  
579  0  -94.32296  331.47824  344.637  
580  0  -26.343641  -1587.9116  1588.1301  
581  0  -179.06094  -353.2055  396.0012  
582  134  64.79794  -240.74388  249.31183  
583  137  -129.99506  -69.775604  147.53763  
584  0  -256.7077  -145.28323  294.9679  
585  0  -560.98615  -110.69365  571.8029  
586  0  50.14962  -170.64536  177.8618  
587  136  -124.88304  -62.983986  139.86693  
588  134  -216.43956  -40.12641  220.12772  
589  0  -64.29013  -196.2942  206.55418  
590  0  76.30852  165.10844  181.8895  
591  0  -382.60443  -60.097267  387.29556  
592  133  -244.60176  -244.75404  346.02682  
593  141  220.32146  -153.43571  268.48474  
594  0  -130.1604  28.406036  133.224  
595  0  -233.5069  -326.9129  401.7431  
596  0  -75.74071  -78.627945  109.17421  
597  135  -68.44849  95.39343  117.40997  
598  138  -539.3823  -193.47523  573.0322  
599  0  -253.40688  -87.04837  267.94116  
600  0  -105.92229  -20.421143  107.87286  
601  0  -76.48818  152.52487  170.62906  
602  133  -322.61487  -62.23281  328.56244  
603  134  -300.4496  467.76544  555.94464  
604  0  -114.91339  -240.20206  266.2745  
605  0  -403.34338  -97.891205  415.0525  
606  134  -580.30396  -349.82825  677.59314  
607  137  -593.8997  -73.93645  598.4843  
608  135  -2191.791  427.02325  2233.0017  
609  0  1622.4238  -507.64157  1699.9879  
610  0  671.25726  -445.41492  805.59344  
611  137  402.21667  29.71016  403.31247  
612  135  184.54657  -123.715576  222.17781  
613  135  212.0606  -224.23299  308.6262  
614  0  22.90871  -620.3882  620.81104  
615  0  6.9966717  -169.12883  169.27348  
616  131  46.970703  -312.0006  315.51645  
617  135  -98.19264  -408.18732  419.83173  
618  139  60.870674  -257.93274  265.018  
619  0  -293.6057  93.65587  308.18134  
620  0  -201.98787  -369.47452  421.08255  
621  137  -58.76069  -418.91876  423.01978  
622  133  -37.472073  47.46855  60.476604  
623  136  -212.72807  -186.79727  283.1015  
624  0  173.83798  -418.2279  452.91745  
625  0  -0.38634682  -246.72585  246.72615  
626  137  -207.11502  -99.75818  229.88765  
627  139  -94.32078  -757.9284  763.7748  
628  134  1.1557846  -556.02356  556.0248  
629  0  -218.09378  -553.39075  594.8161  
630  0  -311.34744  -506.1939  594.28064  
631  133  -215.87187  -796.86694  825.58923  
632  138  -878.76044  -786.94904  1179.6223  
633  0  -534.8386  -875.7538  1026.1564  
634  0  -752.9187  -1283.5289  1488.0635  
635  0  -736.0766  -2183.157  2303.906  
636  137  -1624.9087  -3548.96  3903.2607  
637  129  -14446.289  -30203.781  33480.797  
638  0  2282.2363  4572.736  5110.628  
639  0  1239.2155  2248.407  2567.2922  
640  0  512.5428  1542.0507  1624.9985  
641  135  354.59814  1051.3745  1109.5621  
642  139  223.97015  1066.8184  1090.0752  
643  0  606.00256  521.8013  799.6972  
644  0  289.26242  518.38995  593.63367  
645  0  359.49402  475.1015  595.783  
646  136  488.12418  396.88956  629.1157  
647  137  389.5726  520.3543  650.0272  
648  0  -116.65586  232.74896  260.34723  
649  0  250.63716  166.4607  300.87897  
650  0  367.6717  206.36102  421.62463  
651  135  -13.375687  329.2534  329.52496  
652  135  15.942375  87.44074  88.88219  
653  0  308.9139  402.75626  507.58292  
654  0  131.13168  396.3622  417.49072  
655  0  -220.61324  160.9989  273.11325  
656  133  352.7886  170.71121  391.92105  
657  140  368.4514  269.13626  456.27924  
658  0  276.7289  144.50928  312.18875  
659  0  115.231865  87.80067  144.87009  
660  131  406.67426  305.03403  508.35983  
661  135  97.85289  -136.14166  167.6596  
662  134  31.76175  -89.3847  94.86007  
663  0  125.96974  -229.42105  261.7296  
664  0  565.80566  -90.00384  572.9195  
665  132  725.928  -312.76874  790.44025  
666  134  -2678.0833  2352.844  3564.8289  
667  136  -254.29315  453.30316  519.75836  
668  0  -112.8759  592.9908  603.6382  
669  0  -277.4733  227.13992  358.58606  
670  135  -30.52208  102.51008  106.957535  
671  137  -575.49365  13.153015  575.6439  
672  132  15.936596  333.73154  334.11185  
673  0  -10.26712  71.11057  71.847946  
674  0  35.398643  170.08098  173.72566  
675  135  5.3733826  346.6165  346.65814  
676  140  -54.488716  487.10486  490.143  
677  142  -33.384262  -57.33898  66.34959  
678  0  93.81276  124.471855  155.86557  
679  0  136.86053  358.46814  383.7059  
680  137  -57.90873  72.94102  93.13331  
681  135  318.1682  54.793083  322.8518  
682  131  16.886116  345.8175  346.22952  
683  0  -126.4867  281.09552  308.2427  
684  0  27.651104  -274.29218  275.6824  
685  137  159.8008  222.72874  274.1248  
686  137  -125.65793  308.34836  332.9694  
687  135  10.302208  195.74287  196.0138  
688  0  133.76108  49.71296  142.7004  
689  0  -199.28723  526.65295  563.0975  
690  139  146.79887  237.19403  278.9461  
691  133  166.18979  177.82233  243.39233  
692  0  380.18  29.950447  381.3579  
693  0  310.48444  425.22537  526.5142  
694  0  894.44446  793.0563  1195.395  
695  133  -752.8166  -560.59155  938.6137  
696  133  -172.97223  73.78992  188.0541  
697  0  -425.51428  177.33817  460.9894  
698  0  -125.93774  -16.799622  127.0533  
699  0  -14.401497  347.5521  347.85034  
700  132  70.13024  -685.1464  688.72626  
701  137  -174.21512  -189.3559  257.30637  
702  0  133.26857  -131.1919  187.00755  
703  0  82.10559  8.059128  82.50017  
704  0  -107.4375  50.914703  118.89122  
705  136  -489.6226  23.110435  490.1677  
706  137  41.92304  -75.88109  86.69187  
707  0  -68.4694  -44.040726  81.41035  
708  0  -202.70137  164.02722  260.75424  
709  0  -62.586952  -41.91455  75.32567  
710  136  237.18564  325.4425  402.70316  
711  136  -239.16786  184.95154  302.3381  
712  0  -240.3676  -1.2527008  240.37086  
713  0  277.55167  -62.13823  284.42236  
714  0  117.489944  119.382416  167.49939  
715  136  -143.87918  -92.08041  170.8216  
716  133  4.845848  17.223793  17.892492  
717  0  108.34264  264.1101  285.46854  
718  0  -447.83536  -128.60501  465.93536  
719  134  -210.02676  5.510315  210.09904  
720  133  -108.87258  36.689384  114.88843  
721  135  122.28095  224.83328  255.93481  
722  0  -143.35733  213.14862  256.87283  
723  0  -455.67194  1049.6222  1144.2655  
724  132  123.329346  -5.852791  123.46815  
725  134  -79.048325  191.56233  207.23119  
726  139  -382.2005  -113.6147  398.7299  
727  0  -121.10655  -18.964264  122.58238  
728  0  -964.1416  284.13748  1005.13837  
729  134  514.11273  31.573143  515.08136  
730  135  260.61902  -109.038124  282.50943  
731  135  211.20282  236.69833  317.22662  
732  0  95.43671  172.25629  196.92738  
733  0  110.68982  137.94293  176.86292  
734  134  -17.173477  -356.57297  356.9863  
735  137  75.326584  86.27324  114.5302  
736  135  123.211426  38.565163  129.10588  
737  0  -83.39973  -137.98181  161.22809  
738  0  194.89023  -56.536434  202.92503  
739  133  -159.45383  343.84048  379.01425  
740  139  -219.76547  -71.717125  231.17139  
741  134  -60.73297  -181.71713  191.59752  
742  0  141.90065  212.40817  255.44672  
743  0  -44.706932  282.1458  285.66583  
744  134  142.04565  -65.79818  156.5451  
745  138  164.68692  80.59039  183.34828  
746  0  -149.77792  378.58957  407.14062  
747  0  56.73848  -223.24767  230.3449  
748  0  105.87124  -174.76907  204.33537  
749  136  174.45695  -64.884415  186.13225  
750  135  13.535545  209.52557  209.96233  
751  0  137.85599  34.190155  142.03253  
752  0  -686.9933  -85.40109  692.2811  
753  0  -87.46431  168.71588  190.03961  
754  136  -346.00082  120.06763  366.24146  
755  135  84.65293  -171.85152  191.56999  
756  0  53.622993  95.11891  109.19264  
757  0  -985.59454  -1907.9165  2147.4502  
758  0  -67.668976  -8.357464  68.18312  
759  136  175.51398  59.041866  185.17856  
760  137  -165.49162  216.79736  272.7427  
761  0  -228.98836  105.87915  252.28171  
762  0  -371.19104  269.68918  458.81918  
763  0  208.97525  -11.5686035  209.29521  
764  135  -140.56561  110.465256  178.77713  
765  138  -37.076263  165.66663  169.76479  
766  0  109.67593  65.559265  127.77647  
767  0  258.64087  281.87238  382.55344  
768  0  -322.1526  127.333984  346.40472  
769  141  -73.85864  -17.424522  75.886185  
770  136  226.20706  -54.7433  232.73691  
771  0  -183.40067  152.3096  238.39886  
772  0  -269.34393  -79.699814  280.88828  
773  134  71.905235  209.1483  221.16368  
774  137  -49.79579  330.43674  334.1677  
775  137  -508.11517  212.02466  550.57745  
776  0  -65.556015  159.05966  172.03944  
777  0  62.15866  301.1723  307.51984  
778  136  3.5824738  289.63895  289.6611  
779  135  -239.16168  302.39044  385.53635  
780  141  -19.485184  573.14716  573.4783  
781  0  -223.55049  38.960785  226.92017  
782  0  -497.89206  307.6917  585.2954  
783  138  -709.02856  194.3458  735.18146  
784  136  -674.7456  657.3003  941.9795  
785  133  -2170.299  1847.3427  2850.0654  
786  0  4474.788  -3523.8015  5695.692  
787  0  1267.4578  -920.0117  1566.1643  
788  136  836.43665  -231.52718  867.88885  
789  137  379.82184  -291.7579  478.94394  
790  133  421.45935  -356.52777  552.03265  
791  0  -61.847504  -503.55725  507.34113  
792  0  299.5771  -59.256958  305.38144  
793  138  232.22464  -236.56252  331.49677  
794  137  189.7068  -171.33113  255.62282  
795  135  344.8476  17.512838  345.292  
796  0  128.76482  345.99237  369.17624  
797  0  113.2254  -198.58018  228.59152  
798  135  310.01547  -108.06462  328.31015  
799  136  489.47464  197.38535  527.77496  
