n v(n)    Re(T)       Im(T)        Mod(T) 
   
0  0  1170254.0  0.0  1170254.0  
1  0  -21995.855  2205.2432  22106.125  
2  0  -14888.258  10207.157  18051.213  
3  0  -25722.72  6545.032  26542.34  
4  0  -31352.566  4233.5015  31637.098  
5  0  -35556.125  17148.523  39475.434  
6  0  -49595.355  27625.203  56770.16  
7  0  -90644.08  60929.758  109218.97  
8  0  -714807.25  564068.25  910561.56  
9  0  117578.01  -110043.42  161040.81  
10  0  46684.734  -60242.973  76214.695  
11  0  39129.414  -48428.316  62260.848  
12  0  29023.656  -45405.21  53888.83  
13  0  26181.549  -46256.457  53151.984  
14  0  28051.855  -48866.164  56345.44  
15  0  27227.51  -91269.086  95243.81  
16  0  82188.34  -348856.6  358407.38  
17  0  -19928.238  122022.53  123639.125  
18  0  -5026.6123  46170.168  46442.99  
19  0  1652.1675  23853.25  23910.398  
20  0  7122.97  13939.877  15654.293  
21  0  -3078.462  8507.954  9047.773  
22  0  -5481.32  -80.00171  5481.904  
23  0  1088.3729  -5317.107  5427.355  
24  0  -22530.027  -52957.15  57550.516  
25  0  34490.03  56552.965  66240.47  
26  0  20848.908  20363.627  29143.684  
27  0  16336.588  28861.344  33164.156  
28  0  16082.588  23791.936  28717.691  
29  0  23747.537  17899.055  29737.547  
30  0  27542.828  21868.117  35168.48  
31  0  49518.56  28551.53  57160.1  
32  0  128584.19  65573.41  144339.06  
33  0  -170528.78  -68642.44  183825.6  
34  0  -51269.445  -13056.879  52905.938  
35  0  -35595.688  -11331.628  37355.84  
36  0  -25646.156  -3124.4375  25835.777  
37  0  -21128.135  -5079.7666  21730.213  
38  0  -18946.004  -3093.5535  19196.904  
39  0  -31574.06  10173.646  33172.645  
40  0  -47584.1  10998.407  48838.63  
41  0  86671.25  -24078.51  89953.766  
42  0  15114.441  -4785.888  15854.055  
43  0  -590.324  -5065.623  5099.904  
44  0  -848.3203  -3254.1528  3362.9092  
45  0  2898.3474  6330.463  6962.4116  
46  0  -2381.2349  3178.0913  3971.2144  
47  0  -4818.801  -1017.2793  4925.0073  
48  0  -10537.007  10348.574  14768.9375  
49  3179  52400.387  -74848.266  91367.74  
50  4095  4192.1855  -9843.67  10699.171  
51  4095  14060.04  -9376.775  16899.959  
52  4095  2842.938  -4044.3318  4943.573  
53  4095  -1521.1575  -3982.9236  4263.5195  
54  4095  1304.4033  -2451.814  2777.2036  
55  4095  -3002.1724  -7821.699  8378.067  
56  4095  899.1892  -2880.8406  3017.9106  
57  4095  7287.0415  144718.58  144901.92  
58  4095  571.2356  -2328.8726  2397.907  
59  4095  -2080.6597  785.1249  2223.8628  
60  4095  -251.50635  -3167.6665  3177.6353  
61  4095  -5485.0845  -1370.9102  5653.808  
62  4095  -327.8247  -3632.4282  3647.1912  
63  4095  7928.1494  -1659.177  8099.9023  
64  4095  -5436.756  -5536.51  7759.5913  
65  4095  -25371.652  -27846.17  37671.34  
66  4095  1472.1185  3380.6619  3687.2766  
67  4095  153.85352  8382.1  8383.512  
68  4095  -1577.154  -3006.164  3394.766  
69  4095  656.8872  -7764.0664  7791.805  
70  4095  -5283.2227  282.1828  5290.7534  
71  4095  -8755.493  -725.3394  8785.487  
72  4095  -13198.458  -3894.517  13761.053  
73  4095  -72582.07  -14604.2  74036.74  
74  4095  32796.15  2125.2646  32864.938  
75  4095  10320.061  -6683.6777  12295.332  
76  4095  16573.896  2542.8457  16767.83  
77  4095  13196.35  458.45483  13204.311  
78  4095  12241.014  -1853.126  12380.488  
79  4095  11951.006  921.59863  11986.487  
80  4095  23235.18  -13137.644  26692.158  
81  4095  63709.164  -34138.848  72279.445  
82  4095  -41311.188  25416.295  48503.633  
83  4095  -12834.449  10243.961  16421.383  
84  4095  -7215.507  7220.2607  10207.63  
85  0  -1812.0564  7630.176  7842.393  
86  0  -6918.9634  185.89905  6921.4604  
87  0  -4248.7754  -2051.3901  4718.0815  
88  0  39.50708  9530.571  9530.653  
89  0  143.4375  4619.3037  4621.5303  
90  0  659.0808  4062.4238  4115.5405  
91  0  3777.718  1331.0635  4005.3567  
92  0  -8733.165  9052.613  12578.473  
93  0  -5423.3843  5883.326  8001.664  
94  0  4209.123  6540.6445  7777.9653  
95  0  567.0973  7912.962  7933.2573  
96  0  1956.5896  12717.846  12867.473  
97  0  5999.0376  28403.133  29029.752  
98  0  -22996.52  -63789.605  67808.21  
99  0  -7824.8726  -10850.206  13377.429  
100  0  -1841.3145  -16228.67  16332.794  
101  0  -3311.2126  -6542.158  7332.391  
102  0  -1636.1453  -5540.503  5777.036  
103  0  -1358.1268  -4397.838  4602.7695  
104  0  -14046.24  -4463.122  14738.261  
105  0  -10188.84  -7457.551  12626.461  
106  0  47212.11  30595.635  56259.01  
107  0  5510.371  2406.3733  6012.888  
108  0  1469.0327  -2750.187  3117.9458  
109  0  1224.5697  -1386.3064  1849.7072  
110  0  -1748.4751  6844.883  7064.6714  
111  0  -653.74  -245.06055  698.1623  
112  0  4821.3794  -5371.2275  7217.7407  
113  0  -1050.9546  -526.45276  1175.4395  
114  0  20415.84  -2000.2388  20513.592  
115  0  -1167.7825  383.87286  1229.2576  
116  0  9684.352  7147.635  12036.417  
117  0  -2066.8647  559.2986  2141.2017  
118  0  -4008.2764  -3618.5574  5400.022  
119  0  -1744.4937  1934.6335  2605.0076  
120  0  -1899.6943  -823.02075  2070.3145  
121  0  -5281.1265  5543.9473  7656.739  
122  0  -47681.71  45761.117  66088.01  
123  0  7692.898  -8583.847  11526.626  
124  0  -2998.1355  -4147.8916  5117.9897  
125  0  4469.2754  -4853.924  6598.106  
126  0  410.93384  -5645.1436  5660.0806  
127  0  3661.7666  -3294.973  4925.99  
128  0  6263.8926  2436.7588  6721.1714  
129  0  10.230469  -11244.601  11244.605  
130  0  3296.9153  -32814.574  32979.78  
131  0  -2196.0688  10153.378  10388.156  
132  0  -3958.518  6819.069  7884.768  
133  0  2583.3928  -1122.669  2816.7896  
134  0  6517.287  -2084.0928  6842.403  
135  0  -4300.7515  -722.4617  4361.0107  
136  0  -4973.5347  -3639.8887  6163.184  
137  0  -20.770386  -4412.1416  4412.1904  
138  0  -10047.855  -20594.947  22915.305  
139  0  12627.885  14292.524  19071.96  
140  0  6962.4453  -2157.6396  7289.105  
141  0  4448.3853  13232.609  13960.304  
142  0  3365.3948  8326.716  8981.096  
143  0  5979.9985  3770.185  7069.2773  
144  0  4026.939  5506.337  6821.729  
145  0  15428.251  4746.5083  16141.88  
146  0  31445.045  12422.948  33810.066  
147  0  -37847.324  -10970.144  39405.13  
148  4095  -10175.398  54.711426  10175.546  
149  4095  -8786.708  -2607.0913  9165.324  
150  4095  -5093.6523  1675.3516  5362.098  
151  4095  -3362.2856  -5016.5083  6039.066  
152  4095  -1200.4614  -3336.2998  3545.7021  
153  4095  -8314.853  7720.295  11346.354  
154  4095  -6933.144  3704.2998  7860.682  
155  4095  11286.614  -3122.4077  11710.555  
156  4095  3861.3079  165.98883  3864.8738  
157  4095  -9297.996  -3163.721  9821.5  
158  4095  -3794.254  -2008.7805  4293.1997  
159  4095  2380.2275  5936.1885  6395.609  
160  4095  -1848.3225  2101.4773  2798.661  
161  4095  -3190.0864  478.48706  3225.7715  
162  4095  -5382.4146  5442.417  7654.429  
163  4095  17937.379  -32796.44  37381.227  
164  4095  -312.86285  -3420.6328  3434.911  
165  4095  12161.638  -6917.1973  13991.177  
166  4095  1333.8298  -1309.0046  1868.8486  
167  4095  -228.86475  -776.1682  809.20715  
168  4095  872.9917  -158.21826  887.2133  
169  4095  -4847.3643  -6484.5693  8096.0845  
170  4095  629.4885  -949.47046  1139.1884  
171  4095  6722.2153  43969.926  44480.812  
172  4095  804.0354  -564.7519  982.5567  
173  4095  207.9497  -231.91296  311.4911  
174  4095  170.12402  -1093.2256  1106.3834  
175  4095  -6058.8154  1885.2832  6345.3555  
176  4095  705.2434  -1470.4102  1630.7894  
177  4095  7952.7505  -13.230957  7952.7617  
178  4095  -1973.3774  -991.12524  2208.2908  
179  4095  -1219.6947  90.04321  1223.0138  
180  4095  -1677.8914  572.2488  1772.7911  
181  4095  455.09058  11064.956  11074.311  
182  4095  -2235.737  -3750.6367  4366.44  
183  0  167.55493  -7295.461  7297.3853  
184  0  -3443.4248  531.40295  3484.1875  
185  0  -3514.8345  -792.0614  3602.974  
186  0  -7597.3438  -1045.4701  7668.94  
187  0  -36083.9  -4063.311  36311.957  
188  0  13976.075  -1055.6173  14015.884  
189  0  129.55396  -6935.526  6936.736  
190  0  8973.528  1730.3645  9138.839  
191  0  5676.3604  -933.45044  5752.599  
192  0  4945.3164  588.4131  4980.199  
193  0  3080.369  4387.5674  5360.916  
194  0  8969.971  -8465.879  12334.159  
195  0  21382.3  -15127.226  26192.283  
196  0  -13265.088  8973.748  16015.328  
197  0  -5772.4155  3368.9597  6683.6123  
198  0  1235.7214  2648.0159  2922.156  
199  0  3894.339  3999.0168  5581.936  
200  0  -4091.5522  -3184.1738  5184.57  
201  0  -1528.7693  -4469.644  4723.86  
202  0  2681.0916  2996.7917  4021.071  
203  0  3797.1003  -4663.3457  6013.715  
204  0  47.9541  9186.307  9186.432  
205  0  5394.567  -73.99658  5395.074  
206  0  -9518.833  10201.369  13952.639  
207  0  -4830.4688  4943.3545  6911.5977  
208  0  2806.0972  3866.5037  4777.45  
209  0  -603.4724  4050.224  4094.935  
210  0  3499.412  8514.757  9205.812  
211  0  4483.803  15402.719  16042.077  
212  0  -14512.73  -29601.95  32968.086  
213  0  -4880.9297  -3126.6162  5796.482  
214  0  -1097.4045  -10213.148  10271.9375  
215  0  -2108.148  -2358.6382  3163.4573  
216  0  1798.3735  -3963.356  4352.28  
217  0  1133.7913  -1770.9849  2102.8242  
218  0  -10580.154  -333.31323  10585.403  
219  0  -4207.7285  -2016.469  4665.954  
220  0  16935.055  9090.936  19220.854  
221  0  2501.254  1067.0476  2719.3494  
222  0  -2269.8777  -7511.887  7847.343  
223  0  158.54456  -2181.054  2186.8088  
224  0  -1689.8433  7085.8003  7284.5137  
225  0  -881.39404  -413.53857  973.58594  
226  0  2122.4207  -3875.0078  4418.1846  
227  0  -1285.4001  -566.4376  1404.6726  
228  0  19345.625  -3839.5332  19722.963  
229  0  -993.188  242.26501  1022.30853  
230  0  12699.027  7105.616  14551.807  
231  0  -1762.155  522.9746  1838.1221  
232  0  -3000.697  -1924.0103  3564.5474  
233  0  -1074.1089  1272.8003  1665.452  
234  0  -733.4575  -3800.5833  3870.7097  
235  0  -2465.1616  3949.587  4655.777  
236  0  -22570.428  26473.143  34788.668  
237  0  3408.9893  -4166.662  5383.5195  
238  0  -2825.4062  -1426.104  3164.916  
239  0  1914.5981  -2603.189  3231.4514  
240  0  -3208.9456  -3851.419  5013.059  
241  0  2767.8167  -734.6212  2863.6477  
242  0  5293.047  4755.678  7115.6743  
243  0  -1582.7766  -5207.863  5443.0703  
244  0  -1064.5613  -9716.448  9774.593  
245  0  -1941.9751  2740.5852  3358.8801  
246  4095  -6164.9434  7229.307  9501.021  
247  4095  3310.9631  -4695.1084  5745.13  
248  4095  6497.0195  -4376.792  7833.7456  
249  4095  -3742.8035  -1376.5542  3987.9167  
250  4095  -3093.0007  -3123.8572  4396.0366  
251  4095  -1563.2758  -4772.6865  5022.1875  
252  4095  -9848.848  -16608.357  19308.996  
253  4095  10072.169  8290.433  13045.3  
254  4095  4638.1357  -6172.0938  7720.56  
255  4095  3855.8662  11434.492  12067.117  
256  4095  2755.0667  5485.113  6138.1475  
257  4095  2781.6194  3114.9302  4176.146  
258  4095  91.12109  4151.172  4152.172  
259  4095  11238.429  960.48865  11279.397  
260  4095  17913.16  4922.3594  18577.162  
261  4095  -19273.477  -3822.1125  19648.803  
262  4095  -5150.3447  430.72217  5168.3237  
263  4095  -3146.8372  961.7964  3290.5374  
264  4095  -1322.1315  3608.0874  3842.698  
265  4095  -972.57623  -5746.964  5828.679  
266  4095  1201.8961  -3228.674  3445.1255  
267  4095  -3221.9487  6290.534  7067.657  
268  4095  173.70898  1840.5344  1848.7135  
269  4095  542.63745  1549.779  1642.0325  
270  4095  3738.9514  1299.6036  3958.3745  
271  4095  -14189.537  -2549.8206  14416.814  
272  4095  -4813.044  -1550.7043  5056.686  
273  4095  1921.228  4793.022  5163.737  
274  4095  -1872.7354  1284.4248  2270.8777  
275  4095  -2544.1492  2882.362  3844.5684  
276  4095  -4190.367  4794.1084  6367.3115  
277  4095  9895.237  -23968.16  25930.453  
278  4095  -1446.2341  -1938.4526  2418.5103  
279  4095  11011.168  -7162.45  13135.696  
280  4095  704.2766  -815.2488  1077.3282  
281  4095  1931.932  140.82568  1937.0579  
282  0  872.541  415.99365  966.63257  
283  0  -5995.0557  -5913.2085  8420.613  
284  0  483.31152  -406.22644  631.35565  
285  0  5633.2056  21545.62  22269.861  
286  0  890.70996  -192.43039  911.2594  
287  0  2262.0857  -4213.8325  4782.616  
288  0  274.5332  -443.85535  521.89655  
289  0  -6591.6973  3608.315  7514.6797  
290  0  890.7976  -1012.6216  1348.6744  
291  0  6326.2163  -254.7937  6331.345  
292  0  -764.36035  53.458252  766.2275  
293  0  5479.2344  5541.0977  7792.6743  
294  0  -2144.4692  573.69946  2219.8828  
295  0  2375.7195  14731.367  14921.703  
296  0  -2798.8235  -4205.7036  5051.8667  
297  0  -762.8154  -6401.7646  6447.0522  
298  0  -2643.3823  102.22974  2645.3584  
299  0  -840.0979  -1978.9531  2149.8884  
300  0  -6349.8066  148.20865  6351.5356  
301  0  -25582.672  -545.3659  25588.484  
302  0  8398.328  -1761.7604  8581.125  
303  0  -2496.4734  -5986.5703  6486.247  
304  0  6232.7783  714.02246  6273.544  
305  0  2678.6736  -2793.8093  3870.486  
306  0  3103.8218  1903.5669  3641.0544  
307  0  931.98956  5642.475  5718.9272  
308  0  4309.1177  -6717.954  7981.1904  
309  0  8745.34  -8710.539  12343.195  
310  0  -6397.037  3754.7852  7417.58  
311  0  -6914.6084  1614.3462  7100.5576  
312  0  6166.9395  694.5542  6205.928  
313  0  6691.24  2557.0457  7163.182  
314  0  -3075.6501  -3844.978  4923.767  
315  0  -343.73657  -4242.1587  4256.062  
316  0  3088.5034  -441.65918  3119.9224  
317  0  4263.5522  -8065.7715  9123.297  
318  0  1287.8074  9572.31  9658.549  
319  0  6984.455  -2136.8381  7304.0186  
320  0  -9991.067  12062.496  15662.861  
321  0  -4036.256  4914.045  6359.182  
322  0  980.4225  2990.275  3146.8987  
323  0  -1775.5725  2583.8523  3135.1157  
324  0  4940.131  7104.578  8653.318  
325  0  4130.308  10642.741  11416.103  
326  0  -11110.256  -17610.781  20822.521  
327  0  -3551.2996  -974.06946  3682.4639  
328  0  -1538.6047  -5811.947  6012.1567  
329  0  -2013.3176  -70.673676  2014.5576  
330  0  3576.781  -4306.185  5597.9097  
331  0  2021.0046  -909.66724  2216.293  
332  0  -8333.264  1583.3599  8482.353  
333  0  -1678.5198  57.70166  1679.5114  
334  0  6041.6714  3032.6248  6760.074  
335  0  1826.849  1349.1262  2271.017  
336  0  -6387.7476  -12358.798  13911.98  
337  0  -509.63245  -2738.1396  2785.163  
338  0  -1201.0237  6746.529  6852.5986  
339  0  -899.17114  -610.7986  1087.0067  
340  0  -61.18628  -2045.5779  2046.4927  
341  0  -1451.7029  -566.12476  1558.1843  
342  0  17633.73  -5370.7905  18433.498  
343  0  -925.5586  83.905945  929.354  
344  4095  15369.51  6518.8457  16694.824  
345  4095  -1617.384  549.2081  1708.0868  
346  4095  -1766.9937  49.081543  1767.6752  
347  4095  -926.97534  879.1006  1277.5371  
348  4095  -759.51086  -5676.4375  5727.0234  
349  4095  -1281.2151  3281.5  3522.748  
350  4095  -12401.554  18099.412  21940.54  
351  4095  2085.4348  -2332.1523  3128.5737  
352  4095  254.23816  -1145.6584  1173.5289  
353  4095  149.80347  -1373.5295  1381.6746  
354  4095  -5948.784  -2842.3948  6592.9688  
355  4095  2445.4058  270.29602  2460.2986  
356  4095  4624.3066  4831.9277  6688.1787  
357  4095  -1970.3572  -2201.5093  2954.4797  
358  4095  -1818.7266  -14.081421  1818.781  
359  4095  -2590.9111  795.6417  2710.326  
360  4095  -8550.76  10984.875  13920.596  
361  4095  3823.373  -7499.3086  8417.708  
362  4095  5977.0137  -5871.2427  8378.316  
363  4095  -2856.3306  -1829.0046  3391.7373  
364  4095  -1040.4246  -2815.473  3001.5615  
365  4095  -2927.3757  -4935.157  5738.0576  
366  4095  -10032.23  -14172.649  17364.033  
367  4095  8495.383  4790.325  9752.884  
368  4095  2902.4624  -8425.105  8911.043  
369  4095  4061.4766  10049.237  10838.946  
370  4095  2944.2756  3115.608  4286.6973  
371  4095  952.2876  3586.0464  3710.3345  
372  4095  -1880.3147  3955.2322  4379.4346  
373  4095  8923.762  -1080.6918  8988.961  
374  4095  11178.216  1487.1622  11276.709  
375  4095  -11164.51  -1685.5637  11291.032  
376  4095  -4360.1064  -986.3784  4470.2876  
377  4095  1864.5253  4507.055  4877.4995  
378  4095  1329.1514  5220.294  5386.846  
379  4095  -17.04898  -6021.1924  6021.2163  
380  0  2187.0728  -2752.856  3515.8928  
381  0  -11.808105  4638.8394  4638.8545  
382  0  3700.9897  481.89258  3732.2305  
383  0  -2539.0962  4232.635  4935.8086  
384  0  5382.288  1780.1947  5669.0493  
385  0  -19275.248  -1443.0978  19329.193  
386  0  -5579.8936  -968.1663  5663.2637  
387  0  896.8181  3404.1  3520.253  
388  0  -2138.521  534.7988  2204.378  
389  0  -1721.6279  4909.989  5203.075  
390  0  -3438.3735  4501.468  5664.4175  
391  0  5414.736  -18858.473  19620.432  
392  0  -1992.8281  -1101.3267  2276.9023  
393  0  8992.252  -7056.9805  11430.7295  
394  0  50.72284  -510.02954  512.54553  
395  0  4204.4487  410.27856  4224.4194  
396  0  906.33997  737.0996  1168.2329  
397  0  -6574.8076  -4961.6333  8236.862  
398  0  368.9729  2.9572754  368.98474  
399  0  4108.496  10720.236  11480.558  
400  0  916.0039  -6.6026497  916.0277  
401  0  4130.3643  -10712.598  11481.274  
402  0  364.24634  7.60437  364.3257  
403  0  -6595.877  4945.461  8243.979  
404  0  912.277  -731.4043  1169.2739  
405  0  4216.2817  -406.5288  4235.835  
406  0  53.712524  515.26855  518.06055  
407  0  8969.547  7077.703  11425.701  
408  0  -1999.54  1104.6064  2284.3633  
409  0  5367.122  18861.785  19610.531  
410  0  -3430.4377  -4526.4043  5679.4575  
411  0  -1721.4524  -4922.492  5214.8184  
412  0  -2139.6636  -541.51917  2207.1255  
413  0  894.12744  -3404.8943  3520.3364  
414  0  -5594.5938  958.31714  5676.077  
415  0  -19272.79  1400.8203  19323.63  
416  0  5401.6304  -1768.1921  5683.671  
417  0  -2528.854  -4242.423  4938.9526  
418  0  3708.542  -472.28564  3738.4941  
419  0  -0.3791504  -4637.034  4637.034  
420  0  2191.0615  2769.807  3531.654  
421  0  -27.339539  6016.4697  6016.5317  
422  0  1337.0168  -5222.958  5391.373  
423  0  1871.2151  -4501.578  4875.003  
424  0  -4364.82  970.14404  4471.3345  
425  0  -11161.331  1669.177  11285.454  
426  0  11199.152  -1465.1055  11294.581  
427  0  8919.873  1091.2484  8986.376  
428  0  -1873.1123  -3955.317  4376.4233  
429  0  952.87085  -3585.5789  3710.0322  
430  0  2950.6038  -3107.748  4285.3423  
431  0  4080.9907  -10027.297  10825.949  
432  0  2881.0398  8441.064  8919.19  
433  0  8490.482  -4762.9844  9735.21  
434  0  -10073.135  14155.682  17373.871  
435  0  -2946.743  4913.546  5729.418  
436  0  -1049.0344  2810.8208  3000.1978  
437  0  -2855.7146  1823.3486  3388.1714  
438  0  5963.7593  5878.9883  8374.302  
439  0  3796.484  7496.964  8403.4375  
440  0  -8537.96  -11018.208  13939.069  
441  0  -2584.7446  -801.26965  2706.0928  
442  4095  -1817.3423  14.790039  1817.4025  
443  4095  -1964.7368  2194.7917  2945.726  
444  4095  4637.95  -4818.6113  6688.019  
445  4095  2440.0908  -257.1836  2453.607  
446  4095  -5955.314  2827.8113  6592.593  
447  4095  146.35522  1381.0776  1388.8108  
448  4095  258.3098  1141.8457  1170.6987  
449  4095  2076.8198  2326.2676  3118.4456  
450  4095  -12355.965  -18134.947  21944.16  
451  4095  -1269.2087  -3266.2727  3504.2014  
452  4095  -762.63855  5684.4316  5735.3623  
453  4095  -918.969  -879.77954  1272.2091  
454  4095  -1764.1575  -52.52417  1764.9392  
455  4095  -1598.3135  -545.3142  1688.7787  
456  4095  15386.281  -6485.1416  16697.146  
457  4095  -924.3838  -77.095604  927.5932  
458  4095  17625.188  5408.915  18436.475  
459  4095  -1466.2346  565.6354  1571.5558  
460  4095  -71.25586  2048.0027  2049.242  
461  4095  -906.04224  604.84814  1089.3823  
462  4095  -1195.3232  -6745.712  6850.7974  
463  4095  -511.6886  2746.4563  2793.7156  
464  4095  -6421.8364  12345.344  13915.729  
465  4095  1824.6215  -1353.5566  2271.8625  
466  4095  6045.457  -3027.4768  6761.1514  
467  4095  -1684.8054  -62.53369  1685.9656  
468  4095  -8327.506  -1595.9885  8479.064  
469  4095  2025.9084  920.5348  2225.2393  
470  4095  3560.6892  4321.7563  5599.6504  
471  4095  -2016.1958  68.60968  2017.3628  
472  4095  -1549.0222  5806.5845  6009.65  
473  4095  -3559.9067  964.5353  3688.2603  
474  4095  -11139.475  17571.076  20804.582  
475  4095  4164.104  -10656.0205  11440.74  
476  4095  4953.179  -7097.551  8655.011  
477  4095  -1770.6941  -2594.344  3141.0154  
478  0  983.9908  -2990.9321  3148.6367  
479  0  -4021.796  -4932.339  6364.1816  
480  0  -9957.144  -12079.0625  15654.023  
481  0  6993.6733  2163.7249  7320.736  
482  0  1312.3486  -9556.938  9646.623  
483  0  4250.496  8086.5063  9135.552  
484  0  3091.935  450.36707  3124.5627  
485  0  -358.78613  4248.424  4263.547  
486  0  -3075.9219  3838.3733  4918.781  
487  0  6698.36  -2539.713  7163.67  
488  0  6160.6587  -679.10474  6197.9756  
489  0  -6912.7715  -1623.6843  7100.8984  
490  0  -6378.419  -3762.8733  7405.6357  
491  0  8737.618  8738.474  12357.463  
492  0  4285.8823  6717.509  7968.294  
493  0  939.6278  -5647.1987  5724.8364  
494  0  3104.7568  -1897.7922  3638.8364  
495  0  2670.416  2802.054  3870.74  
496  0  6222.243  -695.07886  6260.946  
497  0  -2516.8374  5979.4834  6487.5796  
498  0  8372.268  1777.6902  8558.916  
499  0  -25597.057  495.65808  25601.855  
500  0  -6339.803  -156.55757  6341.736  
501  0  -836.5137  1969.5757  2139.856  
502  0  -2632.5405  -117.61694  2635.1665  
503  0  -772.5166  6397.916  6444.3857  
504  0  -2798.6304  4184.993  5034.531  
505  0  2410.021  -14739.657  14935.384  
506  0  -2134.3296  -574.3218  2210.2507  
507  0  5493.2056  -5529.6797  7794.3994  
508  0  -762.9629  -49.97827  764.5981  
509  0  6317.0635  265.6333  6322.646  
510  0  874.88135  1011.9917  1337.7385  
511  0  -6575.7505  -3630.3486  7511.32  
512  0  278.37354  446.73145  526.36566  
513  0  2257.1572  4218.1655  4784.107  
514  0  889.30005  183.46036  908.02655  
515  0  5678.1416  -21532.465  22268.55  
516  0  477.38574  430.27966  642.6801  
517  0  -6008.873  5907.2217  8426.258  
518  0  880.75366  -408.05493  970.6883  
519  0  1938.6605  -131.1289  1943.0901  
520  0  699.651  836.0569  1090.1847  
521  0  11001.666  7197.7676  13147.034  
522  0  -1452.4738  1952.1841  2433.2495  
523  0  9835.721  23971.357  25910.758  
524  0  -4196.3105  -4823.2764  6393.2007  
525  0  -2543.5295  -2902.328  3859.1514  
526  0  -1873.7183  -1293.7451  2276.971  
527  0  1925.3254  -4789.0293  5161.558  
528  0  -4827.292  1547.7657  5069.3516  
529  0  -14191.81  2524.593  14414.611  
530  0  3743.2405  -1292.8539  3960.2173  
531  0  547.4099  -1551.8596  1645.5778  
532  0  180.46924  -1843.7822  1852.5934  
533  0  -3209.566  -6295.3047  7066.27  
534  0  1192.7278  3232.6887  3445.704  
535  0  -993.01196  5737.3174  5822.618  
536  0  -1318.4078  -3617.1536  3849.9348  
537  0  -3146.6902  -966.19775  3291.686  
538  0  -5149.068  -438.5503  5167.71  
539  0  -19259.154  3775.9402  19625.818  
540  0  17957.068  -4882.1533  18608.916  
541  4095  11238.383  -936.2954  11277.317  
542  4095  97.84253  -4151.6978  4152.8506  
543  4095  2788.1257  -3108.6213  4175.784  
544  4095  2768.3296  -5478.6475  6138.341  
545  4095  3878.264  -11417.135  12057.856  
546  4095  4620.871  6193.684  7727.4946  
547  4095  10076.217  -8250.839  13023.306  
548  4095  -9895.785  16598.596  19324.594  
549  4095  -1570.9827  4762.8677  5015.266  
550  4095  -3099.827  3115.8867  4395.188  
551  4095  -3745.3892  1371.0764  3988.457  
552  4095  6483.2573  4390.462  7829.992  
553  4095  3293.0889  4690.7227  5731.258  
554  4095  -6154.3745  -7246.1895  9507.028  
555  4095  -1937.0497  -2734.1733  3350.8008  
556  4095  -1082.9932  9714.364  9774.546  
557  4095  -1581.4819  5198.287  5433.532  
558  4095  5310.8364  -4758.115  7130.543  
559  4095  2757.3  743.5381  2855.7927  
560  4095  -3219.7021  3840.0872  5011.2627  
561  4095  1908.8584  2598.6553  3224.3992  
562  4095  -2835.6982  1414.2161  3168.784  
563  4095  3379.5999  4144.912  5348.083  
564  4095  -22525.492  -26519.33  34794.723  
565  4095  -2443.3726  -3935.1602  4632.014  
566  4095  -731.69055  3806.88  3876.5583  
567  4095  -1060.9473  -1272.2002  1656.5333  
568  4095  -2991.6611  1916.6907  3552.9902  
569  4095  -1738.8479  -531.7605  1818.3402  
570  4095  12728.603  -7076.2295  14563.322  
571  4095  -989.3989  -235.43533  1017.0251  
572  4095  19336.3  3887.42  19723.197  
573  4095  -1290.9248  566.6376  1409.8103  
574  4095  2100.3125  3880.3916  4412.341  
575  4095  -890.4602  411.208  980.8218  
576  0  -1675.1731  -7086.488  7281.793  
577  0  152.5647  2193.23  2198.5298  
578  0  -2286.8425  7493.0156  7834.2153  
579  0  2510.1868  -1070.7632  2729.024  
580  0  16947.182  -9055.08  19214.615  
581  0  -4226.838  2024.2657  4686.556  
582  0  -10589.451  324.3501  10594.417  
583  0  1138.0967  1780.2886  2112.9817  
584  0  1787.7866  3974.4114  4357.996  
585  0  -2127.9595  2366.292  3182.381  
586  0  -1119.4895  10216.941  10278.091  
587  0  -4888.4136  3120.128  5799.2915  
588  0  -14568.479  29547.705  32944.004  
589  0  4522.7207  -15424.062  16073.478  
590  0  3514.0518  -8519.248  9215.538  
591  0  -593.57886  -4057.2493  4100.44  
592  0  2814.681  -3864.813  4781.1304  
593  0  -4837.5176  -4957.6606  6926.758  
594  0  -9495.065  -10213.425  13945.261  
595  0  5404.326  92.51172  5405.118  
596  0  70.13794  -9180.755  9181.023  
597  0  3789.8257  4685.651  6026.45  
598  0  2687.1782  -2989.0488  4019.3706  
599  0  -1547.8564  4491.151  4750.3994  
600  0  -4094.7676  3166.8767  5176.5073  
601  0  3906.8413  -3994.192  5587.216  
602  0  1233.1152  -2636.5151  2910.633  
603  0  -5763.4697  -3381.9556  6682.455  
604  0  -13224.539  -8985.497  15988.357  
605  0  21368.654  15186.043  26215.174  
606  0  8949.234  8479.849  12328.691  
607  0  3082.2673  -4385.1865  5360.059  
608  0  4940.3677  -579.13354  4974.1963  
609  0  5666.1587  944.7002  5744.372  
610  0  8965.6045  -1709.2432  9127.079  
611  0  99.036865  6943.293  6943.999  
612  0  13934.474  1061.562  13974.852  
613  0  -36115.195  3988.1726  36334.734  
614  0  -7586.7476  1027.4929  7656.0093  
615  0  -3518.9902  784.5819  3605.3933  
616  0  -3433.8652  -535.80994  3475.4167  
617  0  157.64136  7288.081  7289.7856  
618  0  -2233.9666  3729.495  4347.3833  
619  0  480.4568  -11073.348  11083.767  
620  0  -1670.8235  -579.75146  1768.5482  
621  0  -1212.5414  -90.738525  1215.9318  
622  0  -1970.5637  986.68726  2203.7861  
623  0  7955.747  26.611328  7955.7915  
624  0  696.7732  1469.1655  1626.0197  
625  0  -6056.7617  -1901.4822  6348.228  
626  0  174.20337  1091.4592  1105.2738  
627  0  217.87744  201.49939  296.77023  
628  0  809.5388  542.48584  974.49677  
629  0  6811.578  -43945.41  44470.176  
630  0  624.125  974.95264  1157.6116  
631  0  -4860.7812  6497.773  8114.6934  
632  0  873.60693  168.36694  889.68335  
633  0  -224.97778  789.69434  821.1164  
634  0  1340.3883  1327.541  1886.5328  
635  0  12147.3955  6957.047  13998.562  
636  0  -323.71973  3436.023  3451.2385  
637  0  17854.37  32825.973  37367.406  
638  0  -5384.92  -5479.22  7682.3965  
639  4095  -3214.1597  -487.80298  3250.965  
640  4095  -1842.7638  -2114.2144  2804.582  
641  4095  2386.479  -5931.2217  6393.33  
642  4095  -3807.5894  2021.5128  4310.946  
643  4095  -9302.509  3146.3425  9820.19  
644  4095  3869.175  -161.71436  3872.5532  
645  4095  11268.867  3133.9436  11696.537  
646  4095  -6942.836  -3732.3623  7882.4805  
647  4095  -8304.762  -7731.8467  11346.828  
648  4095  -1208.0354  3338.8452  3550.667  
649  4095  -3378.3533  5004.0425  6037.691  
650  4095  -5093.034  -1682.7258  5363.82  
651  4095  -8788.277  2597.5693  9164.125  
652  4095  -10173.74  -80.101074  10174.056  
653  4095  -37825.242  10877.393  39358.184  
654  4095  31515.875  -12377.869  33859.445  
655  4095  15440.042  -4723.741  16146.474  
656  4095  4034.9111  -5501.257  6822.341  
657  4095  5978.3926  -3752.4717  7058.486  
658  4095  3382.9226  -8323.778  8984.957  
659  4095  4476.41  -13209.852  13947.703  
660  4095  6956.7754  2183.2747  7291.324  
661  4095  12647.606  -14241.096  19046.541  
662  4095  -10109.314  20594.775  22942.166  
663  4095  -32.13159  4413.83  4413.947  
664  4095  -4982.7515  3631.7075  6165.802  
665  4095  -4296.738  716.88306  4356.131  
666  4095  6516.032  2092.55  6843.7886  
667  4095  2571.6062  1129.2512  2808.6238  
668  4095  -3935.1396  -6831.676  7883.9785  
669  4095  -2173.9944  -10137.955  10368.432  
670  4095  3238.0715  32830.43  32989.727  
671  4095  -5.152832  11223.1875  11223.188  
672  4095  6269.871  -2436.1362  6726.518  
673  4095  3645.084  3296.7153  4914.7705  
674  4095  389.26196  5638.3047  5651.7256  
675  0  4443.8286  4855.5664  6582.1074  
676  0  -3027.341  4111.5625  5105.8535  
677  0  7649.6455  8556.956  11477.742  
678  0  -47597.348  -45879.48  66109.26  
679  0  -5241.8257  -5533.962  7622.432  
680  0  -1884.343  831.6887  2059.722  
681  0  -1730.7544  -1934.6453  2595.8357  
682  0  -4005.277  3616.8567  5396.656  
683  0  -2051.555  -567.55835  2128.6145  
684  0  9714.326  -7117.377  12042.641  
685  0  -1151.9067  -379.29083  1212.7451  
686  0  20413.465  2039.7314  20515.117  
687  0  -1058.6787  526.69214  1182.4573  
688  0  4812.3857  5382.4795  7220.1206  
689  0  -654.5427  236.33008  695.90094  
690  0  -1734.314  -6854.4907  7070.494  
691  0  1228.3057  1396.1279  1859.5452  
692  0  1474.9187  2752.3652  3122.643  
693  0  5537.039  -2405.931  6037.16  
694  0  47259.766  -30476.818  56234.527  
695  0  -10253.235  7472.5967  12687.337  
696  0  -14075.547  4450.8496  14762.489  
697  0  -1375.4681  4412.123  4621.552  
698  0  -1654.9297  5552.395  5793.78  
699  0  -3333.993  6550.791  7350.3994  
700  0  -1883.7288  16229.791  16338.743  
701  0  -7857.507  10841.764  13389.707  
702  0  -23117.666  63700.406  67765.54  
703  0  6071.214  -28452.072  29092.613  
704  0  1985.8835  -12747.25  12901.012  
705  0  588.2356  -7923.4355  7945.2407  
706  0  4219.7856  -6539.133  7782.4707  
707  0  -5418.0967  -5902.383  8012.1094  
708  0  -8707.565  -9073.316  12575.642  
709  0  3782.7485  -1329.6243  4009.6243  
710  0  663.59814  -4060.1067  4113.9795  
711  0  158.01147  -4625.048  4627.746  
712  0  54.345703  -9522.272  9522.428  
713  0  -4252.0703  2042.3954  4717.1475  
714  0  -6925.514  -198.59105  6928.3613  
715  0  -1815.4814  -7632.8794  7845.8154  
716  0  -7194.1187  -7235.6055  10203.397  
717  0  -12801.5  -10268.429  16410.943  
718  0  -41184.605  -25461.268  48419.5  
719  0  63695.895  34308.586  72348.09  
720  0  23199.234  13170.504  26677.082  
721  0  11941.071  -900.7739  11974.998  
722  0  12229.033  1876.3237  12372.14  
723  0  13183.913  -431.48755  13190.972  
724  0  16560.135  -2495.0615  16747.041  
725  0  10272.568  6716.923  12273.659  
726  0  32725.395  -2051.88  32789.656  
727  0  -72663.54  14462.748  74088.87  
728  0  -13190.432  3861.4639  13744.031  
729  0  -8744.278  716.4203  8773.577  
730  0  -5268.6855  -294.1283  5276.889  
731  0  647.3755  7759.6777  7786.6357  
732  0  -1578.2664  2988.9521  3380.0532  
733  0  173.17578  -8386.974  8388.762  
734  0  1473.0485  -3358.0623  3666.9407  
735  0  -25432.262  27796.967  37675.87  
736  0  -5423.5034  5499.869  7724.1797  
737  4095  7936.6523  1658.5737  8108.102  
738  4095  -339.7389  3609.3843  3625.3384  
739  4095  -5480.96  1336.1487  5641.4727  
740  4095  -251.26001  3139.9912  3150.028  
741  4095  -2070.4353  -830.18787  2230.6758  
742  4095  583.8489  2240.77  2315.5842  
743  4095  7594.421  -144699.73  144898.89  
744  4095  889.3013  2993.2852  3122.5972  
745  4095  -3012.5928  7868.1157  8425.139  
746  4095  1315.2549  2486.0664  2812.547  
747  4095  -1517.0754  4007.0042  4284.577  
748  4095  2857.7498  4077.26  4979.034  
749  4095  14056.804  9437.702  16931.152  
750  4095  4187.056  9901.839  10750.714  
751  4095  52236.82  74939.266  91348.664  
752  4095  -10554.373  -10413.152  14826.616  
753  4095  -4823.622  984.42285  4923.05  
754  4095  -2375.9922  -3200.1875  3985.7922  
755  4095  2912.9932  -6331.5474  6969.5063  
756  4095  -858.62866  3258.5498  3369.776  
757  4095  -590.50244  5069.112  5103.3896  
758  4095  15122.484  4825.6094  15873.754  
759  4095  86545.836  24250.99  89879.32  
760  4095  -47671.305  -11123.548  48951.88  
761  4095  -31586.941  -10241.936  33205.902  
762  4095  -18976.729  3062.7505  19222.297  
763  4095  -21162.938  5035.106  21753.672  
764  4095  -25675.293  3072.0684  25858.428  
765  4095  -35638.133  11254.098  37372.867  
766  4095  -51306.402  12947.799  52914.953  
767  4095  -170498.6  68216.516  183638.95  
768  4095  128911.164  -65403.7  144553.56  
769  4095  49607.52  -28466.223  57194.684  
770  4095  27587.475  -21816.092  35171.16  
771  4095  23786.629  -17851.752  29740.355  
772  4095  16131.215  -23759.96  28718.494  
773  0  16392.934  -28816.535  33152.992  
774  0  20889.643  -20298.578  29127.469  
775  0  34553.844  -56402.305  66145.21  
776  0  -22657.652  52978.434  57620.164  
777  0  1069.2615  5325.1387  5431.429  
778  0  -5482.98  77.95459  5483.534  
779  0  -3057.419  -8500.947  9034.042  
780  0  7167.1294  -13899.435  15638.4795  
781  0  1701.9583  -23821.875  23882.596  
782  0  -4924.7925  -46098.734  46361.047  
783  0  -19620.943  -121747.94  123318.86  
784  0  81481.164  349206.3  358586.44  
785  0  26988.871  91180.586  95091.0  
786  0  27900.451  48810.03  56221.477  
787  0  26025.467  46208.887  53033.82  
788  0  28848.945  45346.574  53745.45  
789  0  38912.773  48355.383  62068.082  
790  0  46364.117  60120.055  75921.36  
791  0  116837.2  109804.66  160337.12  
792  0  -713824.6  -565675.06  910787.5  
793  0  -90114.17  -60847.543  108733.56  
794  0  -49259.973  -27571.223  56451.016  
795  0  -35272.453  -17112.87  39204.543  
796  0  -31098.367  -4212.775  31382.414  
797  0  -25412.879  -6530.172  26238.475  
798  0  -14476.277  -10166.991  17689.836  
799  0  -21256.105  -2180.0796  21367.61  
