n v(n)    Re(T)       Im(T)        Mod(T) 
   
0  0  55933.0  0.0  55933.0  
1  0  1310.4658  137.89246  1317.7007  
2  136  1344.013  95.08605  1347.3723  
3  137  1403.8451  333.97574  1443.0249  
4  135  1507.5747  431.13138  1568.0101  
5  135  1781.2126  750.12067  1932.7181  
6  134  1841.2216  985.5715  2088.408  
7  136  2642.2588  1326.7988  2956.675  
8  137  3649.9058  2670.8228  4522.732  
9  139  7475.3228  5649.6543  9370.114  
10  137  -23509.31  -21350.418  31757.33  
11  135  -3661.6013  -4266.9556  5622.654  
12  130  -2178.3289  -2394.982  3237.4458  
13  139  -1261.6702  -1886.0177  2269.113  
14  137  -867.1452  -1399.352  1646.2463  
15  138  -649.56036  -1356.2952  1503.8169  
16  138  -381.4587  -1093.5997  1158.219  
17  132  -411.38177  -1032.1858  1111.1447  
18  135  -262.19403  -991.21466  1025.3059  
19  141  -133.2262  -836.6966  847.2369  
20  137  -43.708527  -931.0489  932.0743  
21  135  59.86502  -820.8708  823.05084  
22  138  -37.286797  -831.7742  832.6095  
23  141  269.12463  -890.27136  930.05975  
24  140  146.17401  -797.3688  810.6564  
25  139  263.79803  -1097.013  1128.2849  
26  135  529.907  -1005.2987  1136.4097  
27  134  517.69666  -1477.4877  1565.5604  
28  139  1686.9949  -2346.7083  2890.154  
29  135  5372.074  -8396.215  9967.729  
30  135  -2572.1418  3548.1182  4382.3574  
31  138  -1136.6616  889.54333  1443.3596  
32  138  -490.13718  714.7217  866.63806  
33  137  -617.8903  315.72275  693.8799  
34  137  -220.57315  194.0698  293.79517  
35  138  -288.75153  270.51587  395.67194  
36  136  -185.74692  10.770519  186.05891  
37  134  -99.13423  82.184296  128.77055  
38  134  -162.31033  7.68067  162.49196  
39  141  -44.086563  -27.056189  51.726807  
40  135  -139.2715  135.2323  194.12451  
41  135  -28.887497  -56.374493  63.344856  
42  135  37.46218  49.553238  62.120354  
43  0  -22.438019  9.350838  24.308493  
44  0  164.42819  6.9754486  164.57608  
45  0  74.95123  39.302742  84.63092  
46  0  312.2399  -78.46341  321.9476  
47  0  418.31204  417.50208  591.0101  
48  0  763.88434  66.32154  766.75806  
49  0  -6120.4116  -3158.5505  6887.371  
50  0  -425.81592  -627.9263  758.69006  
51  0  -598.87897  -196.84607  630.4002  
52  0  -332.93384  -440.9932  552.5576  
53  0  -210.53516  -175.38779  274.0181  
54  0  -282.73822  -313.56598  422.21384  
55  0  -170.00842  -239.5653  293.7591  
56  0  -257.2796  -228.14777  343.86655  
57  0  -110.88213  -294.54816  314.7276  
58  0  -81.955185  -175.33789  193.54593  
59  0  -164.10904  -298.31656  340.47693  
60  0  -40.087997  -302.12482  304.7728  
61  0  -100.4861  -338.62094  353.21606  
62  0  18.76233  -348.07996  348.58527  
63  0  -12.135933  -319.01343  319.2442  
64  0  -4.8064613  -519.3035  519.32574  
65  0  237.69568  -419.59308  482.24225  
66  0  -17.749687  -678.40564  678.6378  
67  0  685.7634  -1275.5719  1448.2247  
68  0  1071.9758  -3571.8755  3729.2664  
69  0  -802.93066  2448.0034  2576.3186  
70  0  -548.9501  534.7921  766.38684  
71  0  -155.35004  493.43945  517.3163  
72  0  -294.87042  282.93738  408.65894  
73  0  -109.4258  165.41382  198.33238  
74  0  -137.62457  209.0348  250.272  
75  0  -209.65913  7.6086006  209.79715  
76  0  -28.72873  112.99737  116.59222  
77  0  -128.47095  26.387266  131.15286  
78  0  -49.01065  -11.113541  50.254898  
79  0  -131.57588  73.890434  150.90398  
80  0  -50.764183  -37.404877  63.056538  
81  0  -22.59098  79.118004  82.280075  
82  0  -121.18101  12.632797  121.8377  
83  0  65.49768  -52.931763  84.21233  
84  135  -141.76857  59.688507  153.82147  
85  137  117.03838  -90.70131  148.06995  
86  139  123.18219  227.5224  258.72824  
87  136  -127.24308  -339.15173  362.2357  
88  139  -3877.5247  -820.3572  3963.355  
89  135  -17.84333  -266.9397  267.5354  
90  137  -330.26944  47.25466  333.6329  
91  139  -150.18307  -182.1614  236.08841  
92  135  -36.190994  -49.579704  61.383507  
93  137  -185.41617  -69.74231  198.09883  
94  139  -21.653656  -89.129654  91.722275  
95  139  -175.87057  -103.09858  203.86215  
96  137  -37.79029  -145.7417  150.56145  
97  135  -46.48609  0.3341751  46.487293  
98  138  -113.53885  -153.24164  190.71988  
99  135  -9.310158  -124.52029  124.86785  
100  136  -136.20576  -108.354546  174.04803  
101  133  22.465065  -260.839  261.80463  
102  135  -76.88808  -139.48335  159.27141  
103  136  -68.26347  -453.76746  458.8734  
104  138  92.35657  -247.32257  264.00415  
105  137  -145.81374  -430.22565  454.26398  
106  138  323.29956  -1030.671  1080.1876  
107  138  -34.056183  -2009.8352  2010.1237  
108  139  -129.66963  2032.3113  2036.4438  
109  139  -323.9876  398.14105  513.3072  
110  138  61.701393  382.45117  387.3964  
111  141  -191.28233  252.28918  316.60507  
112  137  -45.689926  98.37172  108.46458  
113  138  -165.65965  276.9146  322.68378  
114  137  -65.38899  3.9072866  65.50563  
115  140  -64.15219  111.31265  128.47572  
116  138  -170.1623  57.43735  179.5947  
117  134  -34.570847  81.11598  88.17566  
118  139  -113.41409  99.48084  150.86151  
119  135  -94.59992  -62.579712  113.4256  
120  137  -7.56295  48.42752  49.01452  
121  138  -168.60222  -12.29113  169.04964  
122  139  27.769482  -25.147614  37.463936  
123  135  -77.292175  95.84301  123.1258  
124  135  -125.21866  -168.53375  209.96033  
125  0  104.856865  172.24414  201.65071  
126  0  -492.23575  -268.7665  560.83105  
127  0  -2688.237  81.21507  2689.4636  
128  0  211.55687  -236.01631  316.95425  
129  0  -171.76097  188.53136  255.04099  
130  0  -103.72936  -142.11258  175.9425  
131  0  6.207062  29.271523  29.922394  
132  0  -163.68799  -60.539413  174.52443  
133  0  -18.678894  -100.92416  102.63814  
134  0  -69.53862  41.75203  81.11012  
135  0  -123.46738  -103.94383  161.39552  
136  0  -51.610634  45.860912  69.0426  
137  0  -156.3056  -95.03139  182.92732  
138  0  -23.421593  -92.46726  95.38745  
139  0  -119.09284  -27.20803  122.1613  
140  0  -47.86244  -210.35641  215.73279  
141  0  -94.75104  -68.19843  116.742386  
142  0  -155.91066  -252.94025  297.13113  
143  0  24.048618  -154.26656  156.12978  
144  0  -293.22348  -287.79065  410.857  
145  0  97.12428  -813.79285  819.5681  
146  0  -365.39148  -1032.1072  1094.8773  
147  0  271.35535  1728.307  1749.4796  
148  0  -307.63654  332.83966  453.23557  
149  0  141.35086  249.23499  286.52774  
150  0  -146.16422  290.8114  325.47696  
151  0  -48.519287  132.45761  141.06432  
152  0  -71.40799  225.0766  236.13254  
153  0  -98.91226  38.008453  105.96357  
154  0  -1.7618713  117.12491  117.13816  
155  0  -124.94823  146.14561  192.2774  
156  0  -17.141258  8.277672  19.0353  
157  0  -44.873  184.11902  189.5083  
158  0  -48.3367  94.237114  105.910675  
159  0  -35.057453  155.93985  159.83199  
160  0  -146.64291  44.543327  153.25877  
161  0  67.36582  15.065079  69.02978  
162  0  -101.96396  184.5459  210.84079  
163  0  -113.58825  -60.635468  128.75926  
164  0  24.286404  260.13263  261.2639  
165  0  -634.6291  -100.57352  642.54895  
166  139  -1921.1621  663.40247  2032.4779  
167  139  272.19763  -286.98407  395.5394  
168  135  9.789528  184.03125  184.29144  
169  138  21.58812  -151.77759  153.30519  
170  137  43.413055  58.52429  72.86828  
171  134  -96.944405  -37.367664  103.89687  
172  139  35.99225  -67.80185  76.76283  
173  133  -42.80004  14.397869  45.15686  
174  137  -20.958862  -56.33535  60.107784  
175  140  -17.40316  17.871788  24.945356  
176  136  -138.38472  -86.491936  163.19064  
177  139  57.519035  -17.129623  60.015526  
178  135  -62.527103  -21.870453  66.241646  
179  135  -91.727036  -186.78384  208.09145  
180  138  -11.4153595  2.5770874  11.7026415  
181  135  -192.16286  -212.01566  286.14194  
182  134  39.662518  -144.15218  149.50908  
183  137  -310.62772  -129.41818  336.5095  
184  135  18.21894  -743.6091  743.8322  
185  133  -424.08353  -402.91397  584.9671  
186  134  675.42554  1466.6307  1614.6843  
187  133  -169.78932  265.41516  315.07718  
188  138  197.86142  160.949  255.05632  
189  137  -81.69885  261.05734  273.54276  
190  137  0.5400696  82.46941  82.47118  
191  134  -44.625732  236.94032  241.10614  
192  137  -82.159515  70.677216  108.37645  
193  133  48.869164  160.02441  167.32007  
194  136  -177.62163  157.3375  237.28575  
195  139  -1.3468704  18.79358  18.84178  
196  140  -67.329704  179.38466  191.60414  
197  137  -63.766617  29.674622  70.33324  
198  139  -74.09357  75.14049  105.52701  
199  137  -195.70833  130.40565  235.17522  
200  135  31.089811  -74.00142  80.26697  
201  136  -53.10248  247.24815  252.88638  
202  135  -175.40955  -68.16806  188.18979  
203  139  92.25843  181.47528  203.58018  
204  138  -677.8368  104.25661  685.8077  
205  137  -1276.9448  861.0363  1540.1207  
206  136  397.313  -400.30472  564.0049  
207  0  60.35237  145.75055  157.7518  
208  0  5.3305206  -57.567917  57.814182  
209  0  192.95087  31.168674  195.45209  
210  0  -155.47803  68.759674  170.00385  
211  0  61.750626  -114.21689  129.84082  
212  0  -4.053734  92.8884  92.97681  
213  0  -104.69543  -59.524284  120.433685  
214  0  -3.5617523  29.546257  29.760164  
215  0  -147.56183  -42.06494  153.44038  
216  0  2.7552414  -45.909256  45.99186  
217  0  -63.654068  58.564346  86.496376  
218  0  -79.76184  -144.63805  165.17299  
219  0  -57.11016  12.785294  58.523792  
220  0  -135.9551  -86.6837  161.2385  
221  0  38.48001  -90.62611  98.45711  
222  0  -247.95634  -26.502472  249.36867  
223  0  -59.674393  -520.9399  524.3466  
224  0  -311.38934  -4.3124466  311.4192  
225  0  921.05774  1176.5991  1494.2333  
226  0  -125.44173  252.06638  281.55478  
227  0  206.54306  99.23206  229.14415  
228  0  -0.83717346  274.692  274.69327  
229  0  35.915726  54.773945  65.49904  
230  0  81.2575  165.72183  184.57115  
231  0  -85.85476  56.018402  102.5139  
232  0  52.917458  67.21527  85.54619  
233  0  -66.37482  75.23648  100.33018  
234  0  -5.6260605  47.806877  48.136787  
235  0  -5.6648407  185.66588  185.75229  
236  0  -83.12657  57.38363  101.009445  
237  0  14.416025  90.681114  91.81986  
238  0  -123.866356  101.19571  159.94826  
239  0  11.044868  -19.996933  22.844397  
240  0  -98.90539  230.73672  251.04126  
241  0  -159.40701  12.451645  159.89258  
242  0  71.30073  279.45416  288.4067  
243  0  -765.825  334.05823  835.5135  
244  0  -763.7792  933.9104  1206.4606  
245  0  378.8189  -530.74744  652.07104  
246  0  201.62007  129.53793  239.6471  
247  0  -13.780594  -63.484386  64.96285  
248  138  142.15405  9.919653  142.49974  
249  135  -79.95205  59.854286  99.874245  
250  134  97.8881  -78.03652  125.18697  
251  139  14.299965  56.75595  58.529713  
252  139  -7.1971283  -76.23734  76.57631  
253  139  43.71386  34.109123  55.446674  
254  136  -33.731636  -7.700058  34.59934  
255  133  37.61538  -37.405632  53.048073  
256  136  -70.93848  31.56726  77.64509  
257  135  -8.818525  -148.81233  149.0734  
258  137  32.111248  35.897217  48.163704  
259  133  -128.36702  -78.96137  150.7083  
260  134  42.736115  -100.61928  109.31887  
261  136  -202.68068  88.80263  221.28119  
262  137  -145.01062  -464.5547  486.66122  
263  133  -60.712555  301.7733  307.81998  
264  133  1030.4128  787.52  1296.8956  
265  136  -115.0452  160.06512  197.11987  
266  134  247.76083  28.79436  249.42844  
267  132  -17.544952  169.4551  170.36096  
268  137  24.864105  -5.9934464  25.576262  
269  138  69.0784  167.177  180.88664  
270  134  -48.87941  69.88118  85.2794  
271  139  105.90044  42.60102  114.14793  
272  136  -50.73977  90.05252  103.36334  
273  139  7.947258  1.974617  8.188896  
274  136  63.807693  194.07535  204.29553  
275  136  -80.52709  105.01759  132.33786  
276  137  15.59223  66.33502  68.14288  
277  132  -167.61038  217.2612  274.40057  
278  135  -44.799385  22.78714  50.2617  
279  138  -32.11154  257.50903  259.50345  
280  140  -205.87088  32.01001  208.34457  
281  138  105.37174  220.43661  244.32663  
282  135  -731.68207  541.5746  910.30853  
283  137  -333.06512  834.3465  898.3688  
284  135  271.1657  -675.834  728.2049  
285  135  220.90436  40.08004  224.5109  
286  132  -66.65428  -127.75616  144.09868  
287  137  206.96187  -34.72798  209.8553  
288  139  -5.4583435  47.588955  47.900963  
289  0  122.946846  -102.54826  160.1002  
290  0  87.95046  102.66612  135.18735  
291  0  -70.05949  -72.69514  100.95996  
292  0  123.887665  42.862473  131.0929  
293  0  -51.55345  4.6348724  51.76138  
294  0  36.180912  -77.24779  85.30111  
295  0  -19.58604  33.452118  38.764122  
296  0  -42.670372  -48.402924  64.52599  
297  0  84.77532  66.20558  107.564095  
298  0  -116.70526  21.251534  118.62439  
299  0  47.064705  -120.98238  129.81458  
300  0  -127.69798  85.61275  153.74107  
301  0  -145.28445  -306.1493  338.87308  
302  0  217.67126  421.42737  474.32248  
303  0  1181.1484  491.91132  1279.4875  
304  0  -125.30534  214.2598  248.21098  
305  0  170.05054  6.315484  170.16777  
306  0  40.129944  227.7451  231.25365  
307  0  37.524216  -24.26601  44.686756  
308  0  147.97821  84.78112  170.54439  
309  0  -58.962532  107.694496  122.77901  
310  0  85.6276  26.587067  89.66024  
311  0  18.158089  100.19389  101.82599  
312  0  35.403316  -18.736053  40.055393  
313  0  32.063248  75.160736  81.714066  
314  0  -75.55827  45.93522  88.42566  
315  0  42.03155  52.761566  67.45691  
316  0  -18.614677  178.01837  178.98895  
317  0  -16.54898  -50.77922  53.407845  
318  0  13.192337  213.12747  213.53539  
319  0  -106.31554  32.71869  111.23626  
320  0  124.89737  213.03485  246.94777  
321  0  -573.6924  606.1916  834.62036  
322  0  -40.928947  562.1822  563.6701  
323  0  134.01677  -770.0924  781.6667  
324  0  232.20079  22.937412  233.33095  
325  0  -4.127426  -91.65768  91.750565  
326  0  203.66922  -135.10971  244.40906  
327  0  -3.6099625  67.94385  68.03968  
328  0  51.228043  -113.862724  124.85605  
329  0  5.706337  16.40841  17.37234  
330  137  6.4523773  -62.28865  62.621952  
331  135  108.570015  23.005333  110.9806  
332  137  -46.137558  53.209335  70.42661  
333  139  -27.851343  -25.275803  37.610683  
334  140  19.994078  54.287277  57.852154  
335  134  -67.33887  -78.34252  103.30573  
336  135  64.963974  -0.762764  64.96845  
337  138  -124.70095  -6.6865005  124.88009  
338  135  117.167  -125.365776  171.59453  
339  136  -41.09047  230.5951  234.22751  
340  137  -194.79732  -309.2229  365.46518  
341  135  448.9662  405.98578  605.3058  
342  137  1117.9323  152.44725  1128.2786  
343  133  -97.39188  235.06413  254.4412  
344  137  153.47345  -42.513943  159.25305  
345  137  144.17581  184.8781  234.44951  
346  139  -22.700844  -3.3986664  22.95385  
347  135  161.87276  111.326096  196.45938  
348  135  -132.59567  71.02939  150.42203  
349  139  118.856735  -65.27352  135.60072  
350  135  -10.013599  150.95412  151.28587  
351  138  32.912235  38.28189  50.484833  
352  135  16.673828  78.08629  79.846634  
353  137  -10.548498  84.1543  84.812836  
354  134  107.876114  1.6183167  107.88825  
355  135  -80.91158  104.09614  131.84343  
356  138  -11.410156  -42.139023  43.656487  
357  138  58.68959  184.14046  193.2671  
358  139  -87.42015  137.08878  162.59033  
359  136  124.26858  197.45744  233.30693  
360  137  -358.80255  718.49774  803.1054  
361  134  184.68277  272.45178  329.14694  
362  136  7.6265717  -734.4038  734.4434  
363  127  238.60312  -136.61906  274.94766  
364  137  -82.95844  -139.54953  162.34586  
365  136  187.81787  -126.916916  226.67918  
366  137  16.290222  97.419075  98.7717  
367  135  66.44618  -177.8687  189.8746  
368  133  102.65655  3.342247  102.710945  
369  141  20.891186  -70.21158  73.25372  
370  133  120.620575  -26.590187  123.51665  
371  0  -8.142242  37.39496  38.271126  
372  0  84.72736  -121.086235  147.78566  
373  0  69.60809  95.779205  118.40162  
374  0  -16.992737  -33.583183  37.637524  
375  0  85.52294  -3.2559433  85.58489  
376  0  -19.45877  -36.361374  41.240677  
377  0  41.88855  -76.0848  86.8536  
378  0  28.333618  147.5868  150.28194  
379  0  -156.44188  -205.57869  258.33438  
380  0  706.3097  317.34753  774.32733  
381  0  955.83496  -88.99314  959.9689  
382  0  -198.37769  247.43034  317.13638  
383  0  41.810303  -173.0406  178.0201  
384  0  92.22381  100.40139  136.32927  
385  0  -42.09382  -34.12068  54.185886  
386  0  70.87041  62.3764  94.410965  
387  0  -48.533615  44.83587  66.07395  
388  0  29.674461  -44.516136  53.500095  
389  0  -16.825356  38.405678  41.92957  
390  0  4.963497  -21.161987  21.736282  
391  0  77.51183  19.572876  79.94487  
392  0  10.21875  -0.059814453  10.218925  
393  0  111.20724  22.806984  113.52184  
394  0  -40.347855  94.64777  102.88902  
395  0  5.001709  -37.632698  37.963627  
396  0  132.94527  107.91297  171.22983  
397  0  -95.642624  136.3164  166.5223  
398  0  203.04446  116.01373  233.85089  
399  0  -174.46013  805.95056  824.61664  
400  0  269.0005  -0.41939583  269.00082  
401  0  -172.77068  -806.87146  825.1614  
402  0  203.3716  -115.38391  233.82355  
403  0  -95.68498  -136.51044  166.70547  
404  0  133.14769  -107.5788  171.17682  
405  0  4.937088  37.57135  37.894344  
406  0  -40.082542  -94.8532  102.974464  
407  0  111.212975  -22.501251  113.46644  
408  0  10.330601  0.17880249  10.332148  
409  0  77.62885  -19.510437  80.04309  
410  0  5.2149067  21.042877  21.679436  
411  0  -16.934547  -38.57885  42.132015  
412  135  29.67134  44.55314  53.529156  
413  138  -48.206657  -45.15824  66.05413  
414  135  71.233185  -62.29444  94.629616  
415  138  -42.059013  34.038765  54.107285  
416  134  92.7106  -100.307  136.58972  
417  139  41.726593  172.88097  177.84526  
418  137  -197.08444  -247.95366  316.73853  
419  137  956.0831  90.742424  960.3797  
420  135  706.08344  -316.29535  773.69025  
421  137  -157.50883  205.4719  258.89716  
422  142  28.383171  -147.51825  150.22395  
423  136  41.524788  76.179634  86.762  
424  137  -19.798256  35.948166  41.039513  
425  133  85.46977  3.2757645  85.532524  
426  137  -17.122196  33.41568  37.547  
427  137  69.91577  -95.74034  118.55137  
428  134  84.36624  121.40082  147.83714  
429  139  -8.136367  -37.713852  38.58154  
430  139  120.543594  26.746765  123.47529  
431  135  20.639206  70.29483  73.26213  
432  134  102.49023  -3.2116013  102.540535  
433  136  66.02019  177.97766  189.82812  
434  135  16.528587  -97.8699  99.25579  
435  139  187.33488  127.29733  226.49275  
436  138  -83.21937  139.42255  162.37029  
437  135  238.13177  137.13528  274.796  
438  135  5.8895416  733.521  733.5447  
439  133  184.7876  -273.41638  330.0045  
440  133  -357.63763  -719.7411  803.6989  
441  139  124.66632  -197.09012  233.20851  
442  135  -87.21542  -137.3331  162.68654  
443  138  59.328217  -183.83704  193.17322  
444  135  -11.391502  42.12471  43.6378  
445  138  -80.62149  -104.08951  131.66037  
446  133  107.97591  -1.3995514  107.98498  
447  137  -10.41646  -84.26364  84.90503  
448  135  17.09791  -78.34076  80.18487  
449  137  32.855644  -38.37001  50.51486  
450  133  -9.853706  -151.11206  151.433  
451  136  118.598236  65.44679  135.45782  
452  135  -132.41019  -71.529045  150.49539  
453  0  162.3424  -111.039154  196.68439  
454  0  -22.539207  3.1208115  22.754238  
455  0  144.80812  -184.6516  234.66061  
456  0  153.3006  42.70014  159.13635  
457  0  -96.28902  -235.52042  254.44339  
458  0  1118.6388  -150.56667  1128.7263  
459  0  448.86163  -404.75415  604.4028  
460  0  -196.24554  308.93842  365.99896  
461  0  -40.967728  -230.74696  234.35553  
462  0  116.62227  125.80689  171.5463  
463  0  -124.90579  6.504051  125.07502  
464  0  64.42651  0.96099854  64.43368  
465  0  -67.40354  78.14701  103.19977  
466  0  20.071247  -54.45514  58.036343  
467  0  -27.975388  25.079391  37.57124  
468  0  -46.123047  -53.404877  70.56498  
469  0  108.56206  -22.803513  110.93115  
470  0  6.1821747  62.298256  62.604248  
471  0  5.789673  -16.411484  17.40279  
472  0  50.829903  113.93823  124.76217  
473  0  -3.547844  -68.21897  68.311165  
474  0  203.42346  135.17  244.23766  
475  0  -4.4829407  91.494675  91.60443  
476  0  231.91174  -22.556055  233.00607  
477  0  131.96182  769.5256  780.7583  
478  0  -40.409485  -563.25433  564.702  
479  0  -572.16504  -607.418  834.4636  
480  0  125.48901  -212.32428  246.63554  
481  0  -106.29813  -32.873405  111.265236  
482  0  13.824837  -213.26196  213.7096  
483  0  -16.64568  50.627846  53.294064  
484  0  -18.1008  -178.17143  179.08852  
485  0  41.968307  -52.637794  67.320694  
486  0  -75.42269  -46.102806  88.397125  
487  0  32.325813  -74.8993  81.57735  
488  0  35.508297  18.728355  40.14462  
489  0  18.45787  -100.205154  101.89095  
490  0  85.56268  -26.421104  89.54913  
491  0  -58.610962  -107.907074  122.79732  
492  0  148.1218  -84.49096  170.52504  
493  135  37.430252  24.323017  44.63892  
494  135  40.757782  -227.94695  231.56209  
495  133  170.2625  -6.4896765  170.38612  
496  139  -124.57643  -214.8617  248.36432  
497  136  1182.137  -489.59924  1279.5137  
498  139  217.6358  -420.2048  473.22028  
499  137  -146.6995  306.56296  339.85526  
500  136  -128.0235  -85.82692  154.1307  
501  139  46.408592  121.102264  129.69008  
502  137  -116.45827  -21.958939  118.51044  
503  126  84.43863  -66.12753  107.25079  
504  134  -42.94729  48.335426  64.65897  
505  138  -19.65047  -33.27188  38.641415  
506  135  35.768383  77.25881  85.136955  
507  135  -51.728863  -4.8940353  51.959858  
508  134  123.84574  -42.682144  130.9944  
509  135  -70.533875  72.67854  101.277824  
510  135  88.15591  -102.228455  134.98933  
511  134  122.852615  102.424675  159.94867  
512  136  -5.6669006  -47.68714  48.022675  
513  139  206.45488  35.167755  209.42871  
514  137  -67.36891  127.42582  144.1385  
515  136  220.65242  -40.10522  224.26752  
516  137  269.29822  675.3607  727.07196  
517  139  -332.34915  -836.01166  899.65076  
518  135  -730.6032  -543.11273  910.35846  
519  139  105.82034  -219.9512  244.08293  
520  137  -206.16641  -31.68856  208.58752  
521  138  -31.308838  -257.4739  259.37048  
522  133  -44.899265  -22.679947  50.302326  
523  138  -167.23904  -217.81546  274.6133  
524  136  15.64222  -66.23192  68.05399  
525  139  -80.406906  -105.607056  132.73328  
526  137  64.367355  -193.85614  204.26297  
527  135  8.080086  -1.8308029  8.284904  
528  135  -50.552376  -90.00924  103.23374  
529  136  106.16373  -42.235004  114.25644  
530  135  -49.06584  -69.69064  85.23052  
531  135  69.56086  -167.08713  180.98845  
532  136  25.086853  5.976652  25.788963  
533  137  -17.080002  -169.49907  170.35745  
534  0  247.70302  -28.381004  249.32362  
535  0  -114.58168  -160.48886  197.19441  
536  0  1031.5549  -785.3387  1296.4808  
537  0  -60.81356  -300.95554  307.0383  
538  0  -146.48038  464.6648  487.2062  
539  0  -202.90271  -89.17797  221.63533  
540  0  42.99617  101.115295  109.87708  
541  0  -128.6884  78.90294  150.95158  
542  0  32.089436  -35.714447  48.013058  
543  0  -9.156502  148.79202  149.0735  
544  0  -71.057144  -31.730484  77.81993  
545  0  37.759895  37.2722  53.056828  
546  0  -34.11341  7.456482  34.91882  
547  0  43.473892  -34.079597  55.239464  
548  0  -7.5049973  76.11247  76.48159  
549  0  14.415138  -56.789474  58.590446  
550  0  97.44967  78.19458  124.943306  
551  0  -80.365524  -60.220562  100.42477  
552  0  141.89157  -9.719782  142.22409  
553  0  -14.219864  63.112335  64.69444  
554  0  201.7139  -129.25345  239.57243  
555  0  376.47168  530.972  650.8934  
556  0  -762.6542  -936.0017  1207.3693  
557  0  -764.7011  -335.395  835.01953  
558  0  72.48485  -279.2119  288.46722  
559  0  -159.2859  -12.484962  159.77444  
560  0  -98.2507  -230.82986  250.86974  
561  0  11.215342  20.183807  23.090473  
562  0  -123.678444  -101.22994  159.82446  
563  0  14.634729  -90.860016  92.031075  
564  0  -83.040016  -57.374367  100.93296  
565  0  -5.2894287  -185.57755  185.65291  
566  0  -5.5689316  -47.85371  48.17666  
567  0  -65.98855  -75.29219  100.11694  
568  0  52.987137  -66.7781  85.246414  
569  0  -85.557304  -56.318913  102.42984  
570  0  81.8051  -165.65044  184.74886  
571  0  35.942688  -54.93709  65.65029  
572  0  -0.34768677  -274.7265  274.7267  
573  0  206.75911  -99.12929  229.29445  
574  0  -124.87831  -252.54597  281.73404  
575  136  922.88385  -1173.973  1493.2941  
576  139  -312.32962  4.9568634  312.36896  
577  137  -61.232796  521.4849  525.0676  
578  137  -248.68207  26.138908  250.05202  
579  135  38.06693  90.93342  98.5798  
580  137  -136.29562  86.58974  161.47533  
581  137  -57.237526  -12.714233  58.632637  
582  136  -80.32846  144.87555  165.65501  
583  135  -63.53999  -58.451263  86.33586  
584  135  2.6105576  45.9806  46.054646  
585  138  -147.99068  42.079063  153.85672  
586  134  -3.641327  -29.444687  29.668987  
587  139  -105.08517  58.979515  120.50509  
588  136  -4.0434036  -92.904724  92.99267  
589  138  61.27829  114.30751  129.69672  
590  139  -155.49171  -69.03401  170.1275  
591  137  192.79987  -30.848557  195.2522  
592  152  4.858963  57.42971  57.634895  
593  137  59.796387  -145.94882  157.72339  
594  137  395.20706  400.7286  562.8251  
595  133  -1276.1017  -863.98083  1541.0706  
596  140  -677.07855  -105.24546  685.2094  
597  137  93.02028  -180.96173  203.46971  
598  135  -175.76907  67.85344  188.41139  
599  134  -53.052944  -246.53384  252.17761  
600  138  30.848787  74.12555  80.28851  
601  141  -195.399  -130.76917  235.11984  
602  138  -73.88579  -75.20555  105.42763  
603  136  -63.475075  -29.891716  70.16125  
604  137  -66.95167  -179.54068  191.6178  
605  137  -1.3355103  -18.797775  18.845158  
606  136  -177.26056  -157.63174  237.21103  
607  138  49.061302  -159.71037  167.07607  
608  139  -82.171875  -70.65192  108.36932  
609  137  -44.1037  -236.7568  240.82965  
610  135  0.72727966  -82.41223  82.41544  
611  138  -81.07263  -261.03552  273.33554  
612  137  198.34738  -160.60794  255.21872  
613  136  -169.37915  -265.90845  315.27228  
614  135  678.1272  -1463.9646  1613.3966  
615  137  -425.86646  404.21396  587.15515  
616  0  15.89193  744.6347  744.80426  
617  0  -310.95914  129.18198  336.72476  
618  0  39.555542  144.51834  149.83388  
619  0  -192.80861  211.79376  286.41187  
620  0  -11.571846  -2.4410095  11.826502  
621  0  -92.32236  186.75247  208.32643  
622  0  -62.533813  21.739067  66.20472  
623  0  57.264496  17.492538  59.876637  
624  0  -138.89699  86.411064  163.58253  
625  0  -17.280518  -17.813416  24.81802  
626  0  -21.196762  56.62698  60.464184  
627  0  -42.700645  -15.187786  45.32123  
628  0  35.38977  67.94297  76.60733  
629  0  -97.23575  37.220078  104.11592  
630  0  43.316772  -58.429394  72.7347  
631  0  20.672867  151.7467  153.14839  
632  0  9.308067  -184.18666  184.4217  
633  0  270.0579  287.3286  394.32092  
634  0  -1920.6649  -667.1088  2033.2211  
635  0  -634.2027  99.44442  641.9519  
636  0  25.640491  -260.00446  261.2657  
637  0  -113.51651  60.542603  128.65227  
638  0  -101.1762  -184.6886  210.58609  
639  0  67.414955  -14.96669  69.05634  
640  0  -146.3851  -44.64492  153.04172  
641  0  -34.61979  -155.8808  159.67891  
642  0  -47.885597  -94.02142  105.51331  
643  0  -44.738678  -184.1141  189.47177  
644  0  -16.882706  -8.105362  18.72759  
645  0  -124.5432  -146.36371  192.1805  
646  0  -1.4260406  -116.87613  116.88483  
647  0  -99.08096  -38.125423  106.16301  
648  0  -70.89932  -225.02231  235.92743  
649  0  -48.21541  -132.36226  140.87048  
650  0  -145.46396  -290.9277  325.26712  
651  0  142.16919  -248.67958  286.45  
652  0  -307.073  -333.33472  453.21722  
653  0  274.93286  -1725.9037  1747.6646  
654  0  -367.9203  1034.0889  1097.5906  
655  0  95.24597  814.42126  819.97186  
656  0  -294.08392  287.48004  411.25433  
657  141  23.568558  154.61034  156.3964  
658  133  -156.4507  252.85742  297.3444  
659  135  -94.8749  68.127716  116.80168  
660  138  -48.45732  210.50473  216.01009  
661  137  -119.1926  27.047668  122.22295  
662  137  -24.030357  92.7018  95.76576  
663  137  -156.65004  94.818054  183.11116  
664  132  -51.803055  -45.83605  69.17008  
665  135  -123.87633  104.0143  161.75388  
666  133  -69.67326  -41.80743  81.254074  
667  139  -19.333282  101.33097  103.15881  
668  135  -164.00006  59.877563  174.58907  
669  136  6.081856  -29.392319  30.014952  
670  137  -104.940056  141.85666  176.45319  
671  134  -171.99747  -188.67392  255.30565  
672  135  209.27008  236.6811  315.93024  
673  136  -2688.5242  -86.7612  2689.9236  
674  137  -491.12347  267.87018  559.4253  
675  137  106.44864  -171.94556  202.22905  
676  136  -124.95606  168.01816  209.38986  
677  141  -76.242935  -95.93749  122.54382  
678  133  28.064217  25.452362  37.88698  
679  136  -168.34375  12.201752  168.78537  
680  135  -7.0456696  -48.31655  48.827557  
681  137  -94.88656  62.307663  113.51521  
682  135  -112.934105  -99.51987  150.5268  
683  137  -34.273186  -81.04628  87.99518  
684  137  -169.81523  -57.565033  179.30685  
685  133  -63.669052  -111.27616  128.20348  
686  141  -65.37587  -4.1737576  65.508965  
687  136  -164.90329  -276.9424  322.32  
688  137  -45.155624  -98.086  107.98099  
689  137  -190.55573  -252.37991  316.239  
690  135  62.406036  -381.8578  386.9236  
691  136  -322.99536  -398.26086  512.77454  
692  139  -125.35207  -2029.8196  2033.6865  
693  136  -37.06991  2012.4797  2012.8212  
694  137  321.32083  1031.8994  1080.7699  
695  135  -146.61694  429.98047  454.29037  
696  135  92.13174  247.97452  264.53662  
697  137  -69.235535  453.70285  458.95517  
698  0  -77.28876  139.31738  159.32008  
699  0  21.744316  260.95554  261.8599  
700  0  -136.55261  108.36417  174.32558  
701  0  -9.472977  124.53999  124.89975  
702  0  -113.9762  152.97444  190.76624  
703  0  -46.613464  -0.14820862  46.613697  
704  0  -38.2574  145.91508  150.84708  
705  0  -176.2034  102.69592  203.94629  
706  0  -22.052986  89.16251  91.849266  
707  0  -185.93997  69.78006  198.60245  
708  0  -36.674118  49.839546  61.878685  
709  0  -151.14514  181.87851  236.48393  
710  0  -331.1949  -47.343323  334.56158  
711  0  -20.335579  267.35507  268.12735  
712  0  -3878.67  813.0579  3962.9714  
713  0  -125.046906  338.19684  360.5743  
714  0  124.82381  -227.58104  259.56525  
715  0  116.71934  90.99165  147.99623  
716  0  -140.71236  -60.148193  153.02866  
717  0  66.065765  53.041664  84.72369  
718  0  -120.689224  -12.943367  121.381294  
719  0  -21.777878  -79.04286  81.988106  
720  0  -50.334335  37.420753  62.720478  
721  0  -130.99396  -73.78424  150.34471  
722  0  -48.676193  11.395512  49.992294  
723  0  -128.19742  -26.791187  130.96696  
724  0  -27.981949  -112.45136  115.88053  
725  0  -209.20404  -7.418419  209.33553  
726  0  -136.79065  -209.13002  249.89407  
727  0  -108.84891  -165.13914  197.7853  
728  0  -294.1352  -283.12427  408.25833  
729  0  -153.94089  -492.68463  516.1743  
730  0  -547.3799  -534.9716  765.38837  
731  0  -796.632  -2445.9219  2572.3835  
732  0  1066.657  3577.1985  3732.8416  
733  0  683.48517  1276.7738  1448.2069  
734  0  -18.881832  678.4621  678.7248  
735  0  236.82742  420.1169  482.27112  
736  0  -5.7264137  519.3816  519.41315  
737  0  -12.801445  319.12494  319.3816  
738  0  17.941536  348.35138  348.8131  
739  140  -101.30591  338.69122  353.51752  
740  134  -40.967415  302.2095  304.97363  
741  139  -164.79227  298.12796  340.6417  
742  135  -82.6493  175.46426  193.95518  
743  131  -111.695854  294.52444  314.99304  
744  135  -258.03036  228.0511  344.3646  
745  133  -170.68533  239.47366  294.07672  
746  133  -283.54535  313.13876  422.438  
747  134  -211.34286  175.28885  274.57602  
748  135  -334.4862  440.7746  553.32025  
749  139  -600.1732  196.4253  631.49884  
750  139  -429.2446  628.7909  761.3337  
751  135  -6124.697  3145.681  6885.29  
752  133  769.5696  -67.35618  772.5116  
753  140  422.23047  -418.11212  594.21906  
754  136  313.76483  78.55394  323.44873  
755  135  76.750145  -39.981415  86.53958  
756  138  165.24669  -6.7524185  165.3846  
757  137  -21.348755  -9.423157  23.335922  
758  140  38.554665  -49.324356  62.604748  
759  133  -28.247383  56.259476  62.95271  
760  136  -138.05649  -135.32626  193.32043  
761  139  -43.16063  27.299002  51.06932  
762  138  -161.29582  -7.4840765  161.46936  
763  138  -98.01993  -81.88683  127.72376  
764  139  -184.98607  -10.733841  185.29721  
765  140  -287.4448  -270.57712  394.7613  
766  135  -219.24384  -193.7381  292.57874  
767  135  -616.1798  -315.81665  692.39996  
768  138  -487.1975  -714.1164  864.4788  
769  136  -1132.6912  -889.31335  1440.0929  
770  140  -2558.917  -3545.1887  4372.233  
771  132  5359.7427  8412.739  9975.02  
772  136  1681.7332  2348.5906  2888.6162  
773  136  514.19476  1477.351  1564.2769  
774  139  527.9909  1005.7247  1135.8945  
775  135  261.17258  1097.4192  1128.0691  
776  141  144.98973  797.0359  810.11615  
777  133  267.38956  890.61255  929.8859  
778  138  -38.582016  831.6339  832.5284  
779  136  58.144577  821.21985  823.2757  
780  0  -45.60971  931.21405  932.3303  
781  0  -134.89375  836.4359  847.2434  
782  0  -264.51724  991.0044  1025.6992  
783  0  -413.57462  1031.9585  1111.7474  
784  0  -384.00232  1093.8002  1159.2483  
785  0  -652.8013  1356.0498  1504.9985  
786  0  -870.7738  1399.0692  1647.9204  
787  0  -1266.8944  1885.6683  2271.732  
788  0  -2185.7156  2393.9817  3241.682  
789  0  -3675.586  4265.4453  5630.6265  
790  0  -23537.729  21291.287  31738.676  
791  0  7512.1  -5655.114  9402.764  
792  0  3667.188  -2671.9502  4537.3545  
793  0  2654.2974  -1326.7373  2967.4106  
794  0  1851.6034  -986.2216  2097.8723  
795  0  1791.2383  -750.2041  1941.994  
796  0  1518.0413  -431.31226  1578.1254  
797  0  1416.6572  -333.9599  1455.4885  
798  0  1361.4656  -95.247375  1364.7932  
799  0  1344.3947  -137.98341  1351.4572  
