n v(n)    Re(T)       Im(T)        Mod(T) 
   
0  0  55294.0  0.0  55294.0  
1  133  1171.8114  -487.22876  1269.0681  
2  135  -1499.9615  520.3645  1587.6599  
3  0  -639.1506  -811.1635  1032.7147  
4  0  -506.95438  -523.48303  728.723  
5  136  -587.04926  -38.267574  588.2952  
6  133  -174.74123  95.01521  198.90295  
7  0  578.54736  -80.4645  584.1161  
8  0  634.5721  -87.49536  640.5756  
9  0  -393.00305  1065.1287  1135.3196  
10  136  803.97406  -523.0014  959.11664  
11  134  71.001236  1035.716  1038.1467  
12  0  823.6735  1093.2637  1368.8182  
13  0  223.97705  -243.59639  330.91528  
14  138  221.62242  398.0911  455.62378  
15  137  -251.07968  284.18622  379.2134  
16  0  475.06247  190.93578  511.9969  
17  0  405.28336  630.2011  749.27167  
18  0  185.54248  -628.5638  655.3766  
19  138  -376.82166  -56.40905  381.02042  
20  131  130.21997  105.33259  167.4879  
21  0  513.2105  215.24138  556.5194  
22  0  106.61551  82.95056  135.08391  
23  135  -395.69708  76.01337  402.93204  
24  133  257.53128  -269.4112  372.69928  
25  0  -245.60408  664.3866  708.32965  
26  0  -60.821594  -9.907669  61.623276  
27  0  -107.74382  350.11945  366.32275  
28  132  -161.63414  -42.417805  167.10735  
29  137  -144.2565  -261.26416  298.44412  
30  0  71.77667  190.10919  203.20776  
31  0  -117.95465  476.69287  491.06964  
32  131  211.55075  -164.92346  268.24142  
33  135  182.56909  -230.75308  294.24216  
34  0  -14.260849  -108.09654  109.03318  
35  0  242.94458  592.7611  640.6152  
36  0  210.18721  -120.76012  242.40807  
37  136  43.656044  -190.16983  195.11641  
38  135  118.93765  2.7459106  118.969345  
39  0  55.99447  131.5959  143.0135  
40  0  189.79784  32.510952  192.56215  
41  135  48.439674  -59.671257  76.85741  
42  134  -158.71683  -343.46524  378.3641  
43  136  410.27267  66.45383  415.61975  
44  0  388.26114  -153.85184  417.63275  
45  0  -277.53555  18.26136  278.13568  
46  133  38.376534  11.460888  40.051346  
47  137  409.93237  -152.45801  437.3648  
48  0  189.6671  143.08556  237.58595  
49  0  20.52861  83.136604  85.63363  
50  136  54.319214  195.99573  203.38364  
51  134  -46.9533  147.38002  154.67865  
52  135  252.51907  -0.8481903  252.5205  
53  0  69.14936  309.41766  317.05035  
54  0  224.33041  433.05054  487.70575  
55  155  150.71326  -319.57553  353.3313  
56  135  128.35004  -44.962852  135.99776  
57  0  260.9322  166.7807  309.67953  
58  0  559.9762  476.09244  735.0084  
59  133  72.51359  -142.16026  159.58623  
60  138  202.41547  -374.7406  425.91376  
61  137  -53.43287  348.4259  352.49918  
62  0  244.80136  270.40186  364.75317  
63  0  27.536148  -31.365261  41.737503  
64  131  -39.65634  107.7952  114.8583  
65  137  -600.8622  -484.89523  772.11316  
66  0  424.2081  186.9354  463.57022  
67  0  -256.66156  161.87958  303.4471  
68  136  -94.601135  -83.683304  126.3023  
69  134  17.060112  -52.93801  55.619064  
70  138  219.01955  -244.6708  328.3799  
71  0  -327.40894  218.88701  393.83768  
72  0  143.72975  828.14594  840.526  
73  139  68.371056  -153.2232  167.78543  
74  136  360.99063  -115.34555  378.97073  
75  0  -380.5937  98.622284  393.164  
76  0  30.615143  -350.75604  352.0896  
77  137  14.477676  949.5658  949.67615  
78  133  601.6617  -869.8261  1057.6361  
79  131  -205.73103  -1242.1838  1259.1052  
80  0  946.4415  317.37207  998.23676  
81  0  -123.44189  -614.4989  626.7749  
82  135  839.6001  -511.32166  983.04535  
83  134  963.53784  -403.56055  1044.6368  
84  0  476.11368  -511.8035  699.0186  
85  0  -61.155792  -104.32828  120.93147  
86  134  33.62317  -9.722099  35.000523  
87  135  145.32347  901.1676  912.80994  
88  134  -5701.166  -950.112  5779.793  
89  0  -165.63605  468.07056  496.51318  
90  0  517.16113  53.691833  519.9408  
91  139  985.2117  -145.66202  995.92145  
92  131  76.611534  164.21489  181.20667  
93  0  -315.1614  -526.3298  613.4735  
94  0  -481.42166  -834.2953  963.23175  
95  131  -518.10864  -222.70074  563.9434  
96  137  -781.1066  -38.439285  782.0519  
97  137  293.90112  -624.9085  690.57117  
98  0  400.2873  -1167.9592  1234.6492  
99  0  -571.2186  904.4448  1069.7247  
100  137  281.32446  -933.9662  975.41595  
101  135  117.422745  325.85214  346.36356  
102  0  660.05255  481.7603  817.1673  
103  0  360.08447  -201.67455  412.71472  
104  131  233.44595  258.9866  348.67044  
105  138  -73.49064  458.03967  463.89786  
106  131  244.84355  -146.32855  285.23746  
107  0  592.7034  713.40515  927.4935  
108  0  528.37  -376.5391  648.81165  
109  137  -79.94329  -12.999168  80.99326  
110  133  -234.60033  -0.47769165  234.60081  
111  0  912.182  120.20222  920.0677  
112  0  557.4445  -34.283836  558.4978  
113  135  -7.1228104  95.58316  95.84819  
114  134  233.01144  -290.935  372.7432  
115  132  260.57343  641.5883  692.484  
116  0  298.35522  -127.32907  324.3895  
117  0  253.59323  263.48285  365.69485  
118  139  -179.64847  164.79886  243.78728  
119  137  -82.04751  -93.7497  124.582504  
120  0  42.93667  -88.63708  98.48903  
121  0  113.95763  339.6524  358.25983  
122  134  30.565308  201.71048  204.01312  
123  136  183.84369  -73.85702  198.12462  
124  133  -156.14435  -313.21478  349.97794  
125  0  290.09473  527.78156  602.2527  
126  0  284.14398  297.64282  411.49612  
127  132  205.99911  36.907394  209.27922  
128  133  89.85034  76.31973  117.88887  
129  0  120.41134  47.583534  129.47234  
130  0  353.81903  145.63531  382.61932  
131  133  382.82465  100.056114  395.6841  
132  137  -145.69235  -202.57108  249.52214  
133  139  185.35995  -77.76082  201.0101  
134  0  696.9793  -253.79684  741.74994  
135  0  97.29842  -121.24773  155.46059  
136  137  7.2258453  -9.340103  11.80891  
137  135  309.26755  -181.8553  358.77258  
138  0  376.39716  -75.57631  383.9096  
139  0  262.69644  -41.29966  265.9231  
140  137  264.23788  77.60744  275.39893  
141  133  -38.364727  333.52625  335.7255  
142  135  430.51654  -46.00499  432.9676  
143  0  266.3318  -45.539536  270.19708  
144  0  419.5342  376.05908  563.4087  
145  137  304.7483  98.26423  320.19897  
146  134  238.95776  -57.339455  245.74097  
147  0  325.15073  -40.225098  327.62943  
148  0  911.9396  449.46594  1016.6875  
149  136  473.72235  221.71669  523.0403  
150  135  503.4344  -402.96442  644.8461  
151  134  198.95029  409.86603  455.6  
152  0  583.5339  183.49094  611.7031  
153  0  695.5233  243.03088  736.7609  
154  136  701.9086  181.11069  724.89777  
155  135  -413.41705  -169.01385  446.6311  
156  0  665.4144  140.45471  680.0764  
157  0  619.5739  350.3491  711.76984  
158  137  549.45184  -196.81693  583.6388  
159  136  168.67755  259.9671  309.89514  
160  0  605.14734  -299.99582  675.4264  
161  0  442.34583  52.827286  445.4891  
162  0  670.78827  807.9083  1050.0823  
163  135  618.8955  222.37357  657.63336  
164  135  745.1105  95.113525  751.15656  
165  0  259.56885  739.11633  783.37024  
166  0  467.19647  -379.62216  601.9847  
167  132  782.7273  1717.8146  1887.7365  
168  134  1236.6333  3.025177  1236.637  
169  0  303.50433  -716.6297  778.24994  
170  0  1677.3638  254.17145  1696.5118  
171  0  1284.0717  243.95734  1307.0406  
172  132  2206.3054  -321.17953  2229.5605  
173  134  2979.16  -439.0729  3011.3418  
174  0  3475.3691  -583.53864  3524.0188  
175  0  4010.8748  -271.718  4020.068  
176  135  6383.605  -370.98566  6394.376  
177  136  17541.715  1034.001  17572.162  
178  134  -25611.105  -1149.1156  25636.871  
179  0  -7595.6445  447.89297  7608.8384  
180  0  -4238.804  194.93803  4243.284  
181  134  -2429.7634  411.47754  2464.359  
182  136  -1748.4923  395.68805  1792.7058  
183  0  -1767.918  10.82457  1767.9512  
184  0  -2014.1158  -526.44495  2081.7798  
185  134  -1460.3518  -295.10535  1489.8707  
186  135  -2231.0532  406.06842  2267.7058  
187  135  -1026.2987  -342.47598  1081.9329  
188  0  -1113.9117  -1854.5354  2163.354  
189  0  -1427.7655  536.87683  1525.3691  
190  133  -1253.7845  -985.3033  1594.6154  
191  134  -862.3383  -117.14694  870.25903  
192  0  -659.4374  -166.10965  680.0368  
193  0  -628.19934  -617.5214  880.88995  
194  134  -817.8029  -35.510773  818.57355  
195  135  -791.52747  316.48398  852.45404  
196  136  -865.8487  -271.26837  907.3481  
197  0  -365.4598  352.70795  507.90134  
198  0  -265.29892  -353.99762  442.37747  
199  138  -426.4978  -43.88405  428.74957  
200  135  -1277.8798  89.37288  1281.0012  
201  0  34.709167  -135.76242  140.12909  
202  0  32.96114  -266.49234  268.523  
203  131  -223.80402  -31.245026  225.97453  
204  135  -529.7435  -416.30887  673.75165  
205  136  -190.56973  428.14215  468.639  
206  0  -149.19328  -260.8794  300.52734  
207  0  121.66887  -244.20494  272.8358  
208  135  -507.84027  160.80423  532.69104  
209  133  -496.6648  22.597092  497.1786  
210  0  -410.29227  -166.15062  442.65762  
211  0  -262.3886  -64.92964  270.30286  
212  0  -396.01346  193.93726  440.9516  
213  136  -240.28065  130.27933  273.32672  
214  135  -686.79565  -243.66805  728.7403  
215  0  -309.3264  153.61952  345.37192  
216  0  -222.185  292.6908  367.46982  
217  132  -133.34482  73.566444  152.29202  
218  135  -326.9689  99.483826  341.7685  
219  0  -486.7321  -62.5795  490.73853  
220  0  -238.75462  174.69019  295.83853  
221  137  146.30281  146.34254  206.93152  
222  135  -504.41666  -1.1321869  504.4179  
223  135  -632.2429  0.64637756  632.2432  
224  0  14.147711  -188.45134  188.98164  
225  0  -177.56186  -190.75981  260.6099  
226  133  -534.1805  6.124527  534.2156  
227  133  -393.22693  -54.080124  396.9283  
228  0  -209.5502  -54.620102  216.5517  
229  0  -157.24164  -261.14154  304.82758  
230  137  -144.76772  -363.57434  391.33615  
231  133  -616.52  282.61462  678.2094  
232  134  -206.03195  -64.8557  215.99867  
233  0  -340.068  -259.53012  427.78748  
234  0  -250.09302  -119.3768  277.12332  
235  139  -335.38373  120.32929  356.3164  
236  135  -417.1136  9.94677  417.23218  
237  0  -520.09467  -232.20273  569.57574  
238  0  80.198425  -89.04109  119.83365  
239  134  -49.98082  278.87213  283.31564  
240  136  -115.2473  -524.5602  537.07104  
241  139  -247.12167  371.60663  446.27414  
242  0  -203.43498  44.998405  208.35222  
243  0  229.01915  103.03824  251.13074  
244  139  445.21252  -1.0813446  445.21384  
245  135  -787.0334  16.040184  787.19684  
246  0  -293.408  -9.002228  293.54605  
247  0  113.40172  386.39856  402.69565  
248  134  200.61345  -519.88257  557.24646  
249  137  -313.07874  194.62894  368.64444  
250  136  -466.89682  -423.10736  630.0893  
251  0  -237.30836  -164.56918  288.7876  
252  0  -102.59748  361.51712  375.79367  
253  135  -21.419125  -57.2585  61.13358  
254  137  -363.72418  -86.01191  373.7557  
255  0  -462.5881  996.6083  1098.7336  
256  0  -951.09515  -671.06946  1164.0087  
257  135  -243.30957  1661.3005  1679.0232  
258  139  -220.4254  639.68176  676.5945  
259  135  -1388.5372  -35.593727  1388.9933  
260  0  -772.69385  284.59064  823.43646  
261  0  -989.6803  793.92725  1268.774  
262  131  -631.70825  354.06342  724.16583  
263  135  -236.87724  -265.79193  356.02835  
264  0  -28.780975  -168.14427  170.58968  
265  0  -829.3613  -172.43898  847.0982  
266  136  -2049.592  -588.4952  2132.4058  
267  133  -10121.278  1077.9873  10178.522  
268  137  2597.885  -998.3166  2783.0994  
269  0  882.6839  219.91293  909.6662  
270  0  535.21173  286.16888  606.9137  
271  138  920.2038  602.614  1099.963  
272  134  1138.1636  561.7921  1269.2623  
273  0  858.50757  485.77203  986.41254  
274  0  -12.106667  188.50166  188.89005  
275  129  839.58716  -238.60902  872.83496  
276  132  -503.9572  1014.40466  1132.6914  
277  132  468.34293  433.13528  637.9273  
278  0  -60.112514  -1433.7582  1435.0178  
279  0  -142.12021  399.6955  424.2106  
280  141  -464.5934  -426.69617  630.8064  
281  137  132.73016  -2.342369  132.75082  
282  0  -72.48009  -57.940384  92.79252  
283  0  -21.064594  -939.4469  939.68304  
284  0  -414.17578  -161.3242  444.48517  
285  133  101.85073  305.14413  321.6932  
286  137  -283.2694  -147.488  319.36542  
287  0  -192.54852  147.25502  242.40251  
288  0  -124.719315  -240.57947  270.98596  
289  133  327.2166  -102.996605  343.04376  
290  139  -790.92676  358.0163  868.1825  
291  0  50.207443  -115.88762  126.29619  
292  0  139.62125  -141.6182  198.87132  
293  0  272.53848  -351.36966  444.67728  
294  133  -192.78574  -476.01526  513.57263  
295  143  159.96579  337.47504  373.46814  
296  0  49.947838  -69.865395  85.88341  
297  0  518.918  -528.478  740.6517  
298  138  151.43387  -53.577507  160.63239  
299  137  -103.929184  98.355354  143.09106  
300  0  -33.080257  113.79382  118.50459  
301  0  87.91426  -411.35358  420.6432  
302  0  -47.391064  -117.09043  126.31738  
303  141  164.85065  199.4035  258.7228  
304  133  -210.60107  -197.24579  288.54587  
305  0  -67.15725  -169.0184  181.8717  
306  0  27.36789  -33.592087  43.329315  
307  131  155.7628  -93.262375  181.54868  
308  136  196.73038  175.35774  263.5397  
309  0  -199.14319  -54.72323  206.52516  
310  0  -356.71204  -36.85408  358.6108  
311  135  361.23975  165.99013  397.5511  
312  132  100.80028  8.525276  101.16016  
313  139  -445.32025  334.6087  557.02167  
314  0  -51.737995  50.854485  72.54653  
315  0  46.236694  -73.29943  86.66394  
316  134  -89.71855  26.680634  93.60168  
317  139  -16.786324  30.62558  34.9243  
318  0  -74.9625  168.47638  184.40083  
319  0  103.17005  -42.19297  111.46437  
320  131  138.2883  -700.7006  714.2164  
321  134  -242.46005  230.86197  334.78967  
322  135  12.744171  120.73786  121.408585  
323  0  -97.08049  -86.23584  129.85085  
324  0  -283.74005  -513.76996  586.91394  
325  136  -112.87198  -93.95515  146.8593  
326  139  -348.7355  126.89704  371.10553  
327  0  -415.5907  -149.89508  441.7965  
328  0  -113.52934  -410.6666  426.07037  
329  135  -92.72957  49.520348  105.12392  
330  133  -75.29243  -596.26465  600.9996  
331  136  149.958  343.4888  374.79587  
332  0  -366.25253  -99.398445  379.50095  
333  0  247.96289  -10.354431  248.17899  
334  139  726.9929  -230.81094  762.7532  
335  135  -104.031624  -70.910515  125.90028  
336  0  -407.07205  -30.18203  408.18942  
337  0  300.49628  466.1476  554.60944  
338  133  483.07507  -804.5021  938.39496  
339  133  191.0576  -58.596573  199.84135  
340  131  -355.01642  -361.60205  506.7472  
341  0  99.314026  -369.1978  382.32227  
342  0  116.72399  136.66934  179.73035  
343  136  646.2096  -835.4764  1056.2233  
344  135  -3.556015  -770.843  770.8512  
345  0  441.6409  743.82495  865.0562  
346  0  -606.1324  -1050.0154  1212.4061  
347  59  416.50186  638.78595  762.57544  
348  135  338.63745  411.1622  532.66284  
349  136  -606.64935  12.050964  606.76904  
350  0  -663.3256  204.10204  694.01624  
351  0  -550.511  668.61304  866.0865  
352  135  -570.4262  701.6889  904.2972  
353  133  -523.7521  -341.20328  625.08875  
354  0  1089.2828  300.34082  1129.9299  
355  0  903.8551  -21.996254  904.1227  
356  0  518.8812  -532.59784  743.5712  
357  132  -3362.1404  791.02014  3453.94  
358  137  -735.35236  -790.69885  1079.7906  
359  0  -520.1992  -188.78986  553.3975  
360  0  -589.1184  102.18858  597.9155  
361  133  -27.83191  335.943  337.09393  
362  133  553.6096  183.79422  583.3215  
363  0  589.04755  377.80728  699.79663  
364  0  -473.94162  898.75507  1016.0617  
365  0  769.2295  -454.73553  893.58734  
366  137  -166.01831  1216.3809  1227.6581  
367  137  555.4035  1009.04767  1151.8031  
368  0  -59.636475  -560.52423  563.68774  
369  0  -27.833275  408.6694  409.61612  
370  137  -555.83374  86.07468  562.45886  
371  134  230.76758  153.76257  277.30237  
372  0  64.05101  435.457  440.1424  
373  0  -21.255447  -705.5365  705.85657  
374  0  -553.0839  -99.37679  561.9409  
375  133  119.11093  201.39723  233.98346  
376  138  114.233536  158.77824  195.60121  
377  0  -194.10234  111.19725  223.69745  
378  0  -463.46063  -76.89891  469.79697  
379  135  272.64655  -247.18677  368.01825  
380  133  -580.4746  719.73627  924.6464  
381  0  -261.33972  -99.86111  279.769  
382  0  -182.53584  196.77267  268.40048  
383  0  -120.34377  -158.78732  199.23865  
384  137  -278.3228  -389.58844  478.793  
385  138  -30.857544  319.38843  320.8756  
386  0  -221.90794  353.67615  417.52838  
387  0  249.70528  -340.66934  422.3841  
388  138  98.44919  -156.96384  185.28326  
389  135  -80.82561  -45.166832  92.58953  
390  0  57.707886  499.00748  502.33322  
391  0  72.044785  -295.4648  304.12152  
392  0  -100.77465  -307.04538  323.16003  
393  134  119.14151  19.780815  120.77243  
394  134  -59.58412  -81.6329  101.065315  
395  0  -16.442947  -157.14774  158.00563  
396  0  -90.811676  -165.75333  188.9998  
397  134  -182.79024  -297.45834  349.13284  
398  135  248.28786  26.48375  249.69632  
399  0  1.8329926  -108.21432  108.22984  
400  0  -521.99927  -0.44804186  521.99945  
401  132  2.0246277  108.518814  108.5377  
402  135  248.30074  -25.730865  249.63039  
403  138  -183.65019  296.9729  349.17087  
404  0  -91.15841  165.69566  189.11612  
405  0  -16.68386  156.78407  157.66927  
406  138  -59.71643  81.259476  100.842224  
407  134  119.12326  -19.58333  120.72224  
408  0  -101.46394  306.7924  323.1354  
409  0  71.42638  294.99384  303.51785  
410  127  58.639618  -499.34854  502.77985  
411  134  -81.16253  44.797607  92.70481  
412  133  98.0582  157.18457  185.26305  
413  0  248.6416  340.65237  421.74243  
414  0  -221.56085  -354.5657  418.09814  
415  134  -30.642395  -319.3349  320.8017  
416  135  -279.5061  389.23105  479.19147  
417  0  -120.78921  158.12476  198.98108  
418  0  -182.46803  -197.57893  268.9461  
419  0  -261.80704  98.79013  279.82568  
420  134  -578.84485  -721.03784  924.6388  
421  136  272.38458  248.00056  368.3716  
422  0  -463.61823  75.742805  469.76465  
423  0  -193.45848  -112.0016  223.54092  
424  139  114.87581  -158.76746  195.96825  
425  136  119.48227  -201.1532  233.96286  
426  0  -553.13196  98.47392  561.8292  
427  0  -22.173424  705.06036  705.40894  
428  0  65.22359  -436.1614  441.0112  
429  136  230.98491  -153.70041  277.44882  
430  135  -555.67456  -87.73117  562.5575  
431  0  -26.440796  -408.8859  409.7399  
432  0  -60.07511  559.7552  562.9697  
433  134  557.4179  -1008.8855  1152.6338  
434  135  -163.61272  -1216.3782  1227.3325  
435  0  767.8735  456.79068  893.4693  
436  0  -472.40414  -899.8553  1016.31946  
437  0  589.5704  -375.87625  699.19684  
438  135  552.8882  -182.07455  582.0966  
439  136  -28.858376  -335.13596  336.37616  
440  0  -590.4181  -102.576935  599.2625  
441  0  -521.88135  188.68411  554.9431  
442  137  -738.3666  788.95874  1080.5743  
443  137  -3359.568  -798.03577  3453.0508  
444  0  521.02014  534.15875  746.182  
445  0  904.9943  23.6539  905.3034  
446  0  1089.3462  -298.12793  1129.4049  
447  135  -525.80505  339.9248  626.11487  
448  140  -569.2735  -703.25885  904.7902  
449  0  -549.05505  -669.33136  865.717  
450  0  -662.371  -204.51535  693.2257  
451  133  -605.4385  -12.765186  605.573  
452  134  340.49338  -409.93396  532.89923  
453  0  417.9414  -636.30676  761.28925  
454  0  -607.6454  1049.6577  1212.8538  
455  0  443.96967  -741.8783  864.5765  
456  136  -4.873787  772.08374  772.0991  
457  135  644.8106  837.009  1056.5817  
458  0  117.25167  -136.76521  180.14626  
459  0  98.43107  369.6906  382.57004  
460  134  -355.68207  360.89215  506.7079  
461  138  191.47911  59.016586  200.36768  
462  0  481.6197  805.2648  938.3011  
463  0  300.89648  -466.14563  554.8247  
464  0  -407.6559  29.359734  408.71182  
465  137  -103.723595  71.00025  125.69653  
466  132  726.64233  232.27902  762.86475  
467  0  247.38559  10.896172  247.62543  
468  0  -367.0567  98.59153  380.067  
469  137  150.31934  -342.86255  374.36697  
470  136  -77.20915  596.4064  601.38324  
471  0  -93.04086  -49.655327  105.4621  
472  0  -114.89199  410.42572  426.20352  
473  0  -416.05957  148.83954  441.88095  
474  132  -348.2884  -127.86143  371.01663  
475  136  -112.945145  93.97944  146.93108  
476  0  -284.78256  513.22845  586.9451  
477  0  -96.814156  85.74607  129.3266  
478  139  13.106628  -120.89502  121.60341  
479  133  -241.38507  -231.15956  334.21774  
480  0  136.9975  700.9076  714.1707  
481  0  102.95011  41.83049  111.12388  
482  0  -74.85726  -168.84695  184.6968  
483  134  -16.734673  -30.953209  35.187363  
484  134  -89.550865  -27.102928  93.562416  
485  0  45.949806  73.231255  86.45346  
486  0  -51.872147  -51.190445  72.87785  
487  132  -444.54684  -335.45297  556.9117  
488  137  101.291695  -8.286407  101.63007  
489  0  361.57706  -165.1835  397.5218  
490  0  -357.1878  36.38791  359.0365  
491  0  -199.12985  54.39131  206.42459  
492  134  197.11346  -174.89877  263.52097  
493  132  155.46864  94.09621  181.7267  
494  0  27.239494  33.656044  43.298027  
495  0  -68.24557  168.89194  182.15912  
496  138  -210.58743  196.58118  288.08197  
497  134  165.36548  -199.00038  258.74097  
498  134  -47.540802  117.673454  126.914024  
499  0  87.27343  411.48654  420.63977  
500  0  -32.884975  -114.06678  118.71248  
501  133  -103.72697  -98.44322  143.00473  
502  135  151.88596  53.98575  161.19493  
503  0  517.7594  529.3464  740.46094  
504  0  49.358017  69.587204  85.31467  
505  137  160.14285  -337.08057  373.18765  
506  132  -193.91855  475.82123  513.8193  
507  133  271.39084  351.61005  444.16507  
508  0  138.73036  141.20747  197.95369  
509  0  48.79294  115.548744  125.42832  
510  131  -790.6372  -359.66245  868.599  
511  138  327.34802  103.50749  343.32278  
512  0  -125.98604  240.18056  271.21796  
513  0  -192.75293  -147.79674  242.89415  
514  133  -283.79736  146.8399  319.53546  
515  139  102.24109  -305.047  321.7249  
516  0  -414.75198  161.02704  444.9145  
517  0  -22.719028  939.44495  939.7196  
518  0  -72.77292  56.948753  92.40702  
519  134  132.21619  2.2696686  132.23567  
520  133  -465.90918  425.64154  631.0642  
521  0  -141.29866  -400.03714  424.2582  
522  0  -62.963104  1432.7129  1434.0957  
523  137  468.7379  -434.42334  639.0922  
524  135  -501.83273  -1016.12256  1133.2877  
525  0  839.2197  240.06104  872.87976  
526  0  -11.710297  -189.21167  189.5737  
527  0  859.3245  -484.65204  986.573  
528  135  1138.1207  -559.6095  1268.2593  
529  136  919.3171  -600.3716  1097.9935  
530  0  532.6634  -284.37634  603.82135  
531  0  879.28784  -217.37067  905.75775  
532  137  2586.9143  1003.41296  2774.7004  
533  135  -10123.703  -1098.5645  10183.134  
534  0  -2047.0027  584.8248  2128.9058  
535  0  -827.3175  170.57922  844.7198  
536  0  -27.930008  167.50473  169.8173  
537  135  -237.13995  264.29477  355.08743  
538  137  -631.1717  -356.45596  724.8714  
539  0  -987.9339  -796.4886  1269.0183  
540  0  -771.246  -285.9899  822.5635  
541  134  -1387.5004  32.11406  1387.872  
542  137  -217.72299  -640.9581  676.92737  
543  0  -239.54315  -1660.8745  1678.0599  
544  0  -951.88806  669.91205  1163.9901  
545  0  -459.39062  -997.2181  1097.9452  
546  137  -362.79346  86.291016  372.91452  
547  135  -21.043217  57.82801  61.537758  
548  0  -101.12211  -361.15546  375.04526  
549  0  -237.04343  165.03506  288.83588  
550  132  -467.18524  422.3262  629.77893  
551  137  -311.73175  -194.97635  367.68527  
552  0  200.26955  520.4305  557.6341  
553  0  114.15225  -386.27026  402.78464  
554  0  -293.5092  8.384438  293.6289  
555  139  -786.19574  -17.31498  786.3864  
556  136  446.26297  2.1551666  446.26816  
557  0  229.58868  -102.29239  251.34576  
558  0  -203.49677  -45.140717  208.44331  
559  133  -246.26593  -371.51483  445.72433  
560  132  -115.994675  524.60736  537.27795  
561  138  -49.136406  -278.95837  283.2528  
562  0  79.50662  89.9612  120.059654  
563  0  -521.04987  231.08109  569.9925  
564  134  -417.19522  -10.433426  417.32568  
565  133  -335.01785  -120.79371  356.1293  
566  0  -250.29385  119.32312  277.28146  
567  0  -340.5468  258.69073  427.65994  
568  135  -206.09137  64.28981  215.88615  
569  132  -615.42786  -283.67755  677.66095  
570  137  -144.87393  363.69763  391.49  
571  0  -157.67122  260.7029  304.67395  
572  0  -209.70267  54.076324  216.56282  
573  131  -393.63312  53.004486  397.18573  
574  134  -534.0599  -6.97921  534.10547  
575  0  -177.50685  190.63255  260.47928  
576  0  13.739147  188.23094  188.73169  
577  134  -632.30023  -2.078125  632.30365  
578  137  -504.08795  -0.08274841  504.08795  
579  136  146.84468  -146.38293  207.34349  
580  0  -238.4825  -175.09744  295.8598  
581  0  -486.64136  61.75859  490.54453  
582  135  -326.5415  -100.15993  341.55725  
583  135  -132.76273  -73.6721  151.83386  
584  0  -221.62033  -292.3666  366.8703  
585  0  -309.36383  -153.77615  345.47516  
586  135  -687.3116  242.58038  728.8638  
587  137  -239.78918  -130.81314  273.15002  
588  132  -395.32935  -194.6832  440.66635  
589  0  -262.32715  64.77429  270.20593  
590  0  -410.50696  165.59909  442.65002  
591  135  -496.55362  -23.804016  497.12384  
592  133  -507.00104  -161.48813  532.0982  
593  0  121.25727  244.57983  272.9883  
594  0  -149.81871  260.5299  300.53534  
595  132  -190.03387  -428.261  468.52997  
596  136  -530.5729  415.73724  674.0512  
597  134  -223.68019  30.925934  225.80798  
598  0  32.135826  266.64667  268.57617  
599  0  32.77962  136.58711  140.46545  
600  133  -1278.3423  -91.91962  1281.6428  
601  136  -426.8021  43.30818  428.99374  
602  0  -266.37292  353.5692  442.68015  
603  0  -365.30508  -353.53613  508.3656  
604  137  -867.00305  269.50305  907.92413  
605  134  -791.2094  -317.82202  852.6565  
606  139  -818.1554  34.70079  818.8909  
607  0  -629.9108  616.77234  881.58704  
608  0  -660.19946  164.95726  680.4956  
609  132  -863.33026  115.99155  871.08734  
610  137  -1256.5372  982.7523  1595.2078  
611  0  -1426.8246  -539.2468  1525.3247  
612  0  -1117.3501  1852.2328  2163.1545  
613  133  -1027.594  339.10617  1082.101  
614  135  -2230.567  -411.48984  2268.2046  
615  133  -1461.1619  291.91602  1490.0366  
616  0  -2014.8638  521.6034  2081.2847  
617  0  -1767.2871  -15.475571  1767.3549  
618  137  -1747.8097  -400.15656  1793.0321  
619  133  -2430.5166  -416.6277  2465.9663  
620  0  -4240.0684  -203.55652  4244.9517  
621  0  -7595.894  -462.69708  7609.9736  
622  135  -25588.834  1098.3944  25612.396  
623  135  17572.951  -999.7742  17601.367  
624  0  6389.6724  384.17  6401.211  
625  0  4014.8896  280.2849  4024.6614  
626  0  3477.1929  590.68524  3527.007  
627  133  2979.9905  443.56702  3012.8218  
628  138  2206.0776  324.4516  2229.8088  
629  0  1285.1782  -242.23058  1307.8069  
630  0  1678.1969  -251.15237  1696.886  
631  139  302.57  716.22144  777.50995  
632  135  1237.4008  -2.6450272  1237.4036  
633  137  787.0331  -1717.0117  1888.796  
634  0  466.9545  380.64996  602.44574  
635  0  262.09467  -739.0627  784.1602  
636  135  746.421  -93.5401  752.2593  
637  135  620.3978  -221.38815  658.7156  
638  0  673.0622  -806.2604  1050.2706  
639  0  443.09677  -51.32155  446.05902  
640  135  605.2536  301.40637  676.1492  
641  137  169.93587  -259.6623  310.32678  
642  137  550.12726  197.7639  584.59436  
643  0  620.9094  -349.52246  712.5268  
644  0  665.7493  -139.06061  680.1176  
645  135  -413.06888  168.11899  445.97073  
646  137  703.64197  -180.0455  726.3115  
647  0  696.7725  -241.68835  737.49927  
648  0  584.389  -182.22894  612.142  
649  134  200.34148  -408.92075  455.36017  
650  136  503.49274  404.12024  645.61456  
651  136  474.9249  -221.12398  523.8793  
652  0  913.27734  -447.32477  1016.9439  
653  0  324.96384  41.191338  327.56406  
654  139  238.76274  57.93653  245.69145  
655  132  305.23474  -98.04048  320.5935  
656  0  420.7917  -375.07257  563.6888  
657  0  266.51483  46.63372  270.56396  
658  134  430.59915  46.829803  433.13815  
659  136  -37.561234  -333.17453  335.28513  
660  132  264.90887  -76.60457  275.7625  
661  0  263.13065  42.285828  266.5067  
662  0  376.45877  76.653465  384.1835  
663  133  309.01434  182.654  358.96008  
664  133  7.4707184  9.626053  12.184931  
665  0  97.78164  121.67369  156.09528  
666  0  696.7187  255.04596  741.93353  
667  134  185.12955  78.08045  200.92165  
668  135  -145.38663  201.725  248.65689  
669  135  383.70468  -99.89335  396.4946  
670  0  354.22903  -145.35492  382.89197  
671  0  120.62248  -47.399857  129.60143  
672  135  90.255844  -76.19184  118.115685  
673  136  206.23236  -36.80134  209.49016  
674  0  285.0609  -297.12357  411.75494  
675  0  291.0127  -526.7151  601.7617  
676  131  -156.6224  312.98477  349.98578  
677  134  184.047  74.15963  198.42618  
678  132  31.249493  -201.66959  204.07634  
679  0  114.87602  -339.23178  358.15457  
680  0  43.07889  89.005005  98.882164  
681  133  -82.00152  93.27718  124.196945  
682  136  -178.57104  -165.31036  243.3416  
683  0  254.94995  -262.63104  366.02533  
684  0  298.8096  127.93301  325.04465  
685  133  262.27707  -640.73755  692.3394  
686  139  232.761  291.70148  373.18552  
687  136  -6.3401566  -95.50169  95.711914  
688  0  558.3164  35.529915  559.4458  
689  0  912.16724  -118.287155  919.8048  
690  135  -235.22968  0.18544006  235.22975  
691  137  -79.38199  13.091225  80.454216  
692  0  528.2365  377.4708  649.2442  
693  0  594.3217  -712.51044  927.8413  
694  137  244.13492  147.16446  285.06006  
695  136  -72.41294  -458.11697  463.8047  
696  135  234.46658  -257.54285  348.28564  
697  0  359.86893  203.15405  413.252  
698  0  660.54  -479.8671  816.4469  
699  132  117.504005  -324.09094  344.73486  
700  136  279.3678  935.0393  975.8816  
701  0  -569.4676  -904.5182  1068.8529  
702  0  397.67795  1170.1791  1235.9073  
703  138  291.62637  625.5211  690.16125  
704  133  -781.8727  36.925346  782.74414  
705  136  -518.43335  222.00784  563.9686  
706  0  -482.92554  833.18176  963.02075  
707  0  -315.58514  524.90186  612.4671  
708  135  77.705734  -164.58641  182.00787  
709  134  984.6008  147.34865  995.56537  
710  0  515.5859  -52.9728  518.3  
711  0  -167.90015  -468.2292  497.4224  
712  129  -5702.2246  938.8843  5779.0024  
713  137  151.47781  -901.37054  914.0101  
714  133  36.196404  10.785889  37.769234  
715  0  -59.962646  105.14553  121.04173  
716  0  477.6893  513.3534  701.2266  
717  137  964.26  405.7322  1046.1434  
718  132  839.2265  513.1029  983.6543  
719  0  -123.964424  613.9063  626.2972  
720  0  947.6228  -315.1583  998.65594  
721  137  -208.09842  1241.8171  1259.1326  
722  138  600.47394  869.4029  1056.6127  
723  135  16.649529  -950.75336  950.8991  
724  0  30.494354  350.89093  352.2135  
725  0  -379.66943  -99.7435  392.55273  
726  129  361.62604  115.597275  379.65265  
727  133  68.34063  152.4792  167.09383  
728  0  145.66753  -828.185  840.89795  
729  0  -326.4235  -218.95691  393.05777  
730  135  219.11633  245.48116  329.04858  
731  137  17.531532  52.847115  55.67919  
732  137  -93.921684  83.07199  125.38835  
733  0  -255.59756  -162.91269  303.1017  
734  0  425.01697  -185.9979  463.93387  
735  137  -601.3574  483.40314  771.5629  
736  135  -38.20246  -108.33601  114.87436  
737  0  28.790375  31.1036  42.38301  
738  0  246.1391  -270.06293  365.40173  
739  20  -51.696922  -348.16348  351.98065  
740  134  202.65674  375.6062  426.79007  
741  133  73.53233  141.71207  159.65373  
742  0  562.15045  -475.1616  736.06494  
743  0  261.8343  -166.19077  310.12347  
744  132  128.71057  45.433773  136.49411  
745  134  150.71912  319.24112  353.03137  
746  0  226.07814  -433.24335  488.68304  
747  0  70.49073  -309.3701  317.29922  
748  0  253.02812  1.4804344  253.03246  
749  137  -45.954903  -147.49585  154.48909  
750  138  55.43567  -195.89471  203.58745  
751  0  21.745293  -82.983765  85.78557  
752  0  191.24469  -142.68561  238.60786  
753  132  410.63388  153.1055  438.2482  
754  137  38.876724  -11.356289  40.50142  
755  0  -276.125  -19.083046  276.78363  
756  0  388.84412  154.70842  418.49066  
757  0  410.96976  -65.7325  416.19336  
758  131  -158.7082  342.95947  377.90143  
759  139  49.3683  59.396847  77.2348  
760  0  190.67308  -32.226574  193.37729  
761  0  57.200485  -131.52582  143.42572  
762  135  119.82441  -2.3660812  119.84777  
763  131  44.253494  190.19006  195.27066  
764  0  210.9511  120.655846  243.01892  
765  0  244.73174  -592.3246  640.8916  
766  0  -13.478546  108.27519  109.1109  
767  130  182.92319  231.27055  294.8677  
768  135  211.98346  164.92642  268.58466  
769  0  -116.45961  -477.20316  491.2084  
770  0  73.05833  -189.9008  203.4695  
771  137  -143.8262  261.1889  298.17044  
772  134  -160.4746  41.748302  165.81621  
773  0  -105.64674  -350.09747  365.6904  
774  0  -59.603363  9.396311  60.33947  
775  0  -242.78714  -664.4515  707.41876  
776  136  258.80783  269.8783  373.9195  
777  140  -393.81378  -76.77267  401.2273  
778  0  109.03897  -82.83661  136.93575  
779  0  515.71716  -214.15912  558.4159  
780  133  132.02158  -104.494255  168.37086  
781  138  -374.64514  55.533783  378.73868  
782  0  186.87206  628.3629  655.56165  
783  0  409.3303  -630.2509  751.51013  
784  129  477.66785  -189.98073  514.0615  
785  133  -248.03271  -284.94443  377.77448  
786  137  225.65915  -397.5242  457.1078  
787  0  226.48737  243.72371  332.71274  
788  0  828.6704  -1091.6793  1370.5686  
789  136  76.085785  -1034.6687  1037.4625  
790  134  805.7581  525.08185  961.7469  
791  0  -387.4563  -1065.2507  1133.5261  
792  0  638.37604  89.74166  644.653  
793  118  582.68274  82.33172  588.47064  
794  136  -170.18784  -94.63644  194.73047  
795  134  -581.3473  38.02867  582.5898  
796  0  -499.92252  523.3153  723.7275  
797  0  -629.69775  809.61694  1025.6699  
798  136  -1480.9164  -523.23914  1570.6344  
799  134  1205.6422  489.60974  1301.2651  
