n v(n)    Re(T)       Im(T)        Mod(T) 
   
0  0  54523.0  0.0  54523.0  
1  135  -110.32347  7.509688  110.578766  
2  137  -196.57097  59.953163  205.5104  
3  137  -79.94313  24.552189  83.62843  
4  0  169.67018  388.64807  424.06992  
5  0  -233.17027  -45.300316  237.52998  
6  0  -316.78796  142.76004  347.46948  
7  137  -137.51848  -94.043686  166.59996  
8  137  -41.555893  -79.20868  89.447784  
9  136  -317.5085  -54.972248  322.2322  
10  0  -376.22083  -231.6471  441.81726  
11  0  -306.6492  78.80458  316.61316  
12  0  -512.45685  207.38779  552.8306  
13  137  -156.47238  -294.63715  333.60855  
14  139  -847.97186  -467.87415  968.4846  
15  135  1066.049  580.96045  1214.0739  
16  0  225.21918  282.46426  361.26132  
17  0  170.68369  -287.84354  334.64432  
18  0  102.614075  -15.571007  103.78875  
19  0  -221.93748  77.4763  235.07196  
20  135  -128.69318  -59.950386  141.97177  
21  134  171.78015  263.12872  314.2374  
22  137  -99.80828  135.12004  167.98547  
23  0  534.046  -1087.6311  1211.6709  
24  0  4.9792633  -126.16537  126.26359  
25  0  490.03738  -26.32219  490.74384  
26  137  3.3255386  -75.776184  75.84912  
27  135  -28.30468  -271.9552  273.4242  
28  139  -29.980873  47.94281  56.545254  
29  0  -106.18957  172.89268  202.89925  
30  0  -12.520485  -6.319313  14.024844  
31  0  113.22362  85.99947  142.18121  
32  138  -125.62841  17.953484  126.904785  
33  140  -170.97644  355.38995  394.3792  
34  137  -27.17479  -283.5164  284.81573  
35  0  -73.459564  -170.08289  185.2687  
36  0  -103.17737  -117.74655  156.55612  
37  0  -98.39389  -73.345665  122.72304  
38  137  -167.25946  -169.16083  237.88885  
39  138  -142.59749  -130.77463  193.48396  
40  139  -228.63861  -23.568604  229.85016  
41  134  -300.90067  -75.85045  310.31354  
42  0  417.73697  44.587616  420.1098  
43  0  -38.177914  -83.75102  92.04231  
44  0  48.65503  302.76498  306.64954  
45  134  2.8492184  55.549423  55.622448  
46  133  167.62912  -163.21179  233.9607  
47  135  9.762675  -44.828064  45.87881  
48  0  -228.42694  -177.64665  289.3738  
49  0  -136.36136  -3.229126  136.39958  
50  0  -257.01035  465.89764  532.08545  
51  135  -171.14922  8.480637  171.3592  
52  148  -2589.3796  404.2177  2620.7402  
53  137  204.13715  -15.98056  204.76169  
54  0  264.71167  260.033  371.06525  
55  0  1.771822  -117.26181  117.2752  
56  0  63.85972  -253.8255  261.73544  
57  135  -149.16614  53.450058  158.4533  
58  137  -262.8476  42.13022  266.20258  
59  138  142.46765  146.50041  204.35118  
60  0  112.69127  680.407  689.67596  
61  0  -176.02322  -479.76895  511.04053  
62  0  -308.12143  -134.38287  336.15112  
63  0  299.36646  -396.23297  496.60934  
64  134  156.87717  -217.62332  268.27292  
65  139  -131.39388  -358.6149  381.928  
66  134  -93.84342  -297.8154  312.25085  
67  0  -48.056168  -139.52664  147.57059  
68  0  -26.977295  -202.70023  204.48755  
69  0  93.837845  -256.44727  273.07645  
70  139  -52.89711  -285.08646  289.9524  
71  136  275.34106  329.9983  429.78085  
72  139  -19.209427  -117.085625  118.65094  
73  0  6.519249  -75.57979  75.86043  
74  0  -5.4688416  -145.48738  145.59013  
75  0  83.528175  -100.387726  130.59346  
76  137  24.001877  -209.04034  210.41377  
77  138  -64.178444  -300.7081  307.48047  
78  135  -86.84593  -165.9957  187.34137  
79  0  -429.92114  -17.470482  430.27597  
80  0  118.44732  -338.60864  358.72772  
81  0  -165.17383  -551.4066  575.61414  
82  0  203.72679  -166.85779  263.33652  
83  137  85.65687  -57.611656  103.22888  
84  136  222.75737  -404.43988  461.7277  
85  137  319.4496  -459.14322  559.33936  
86  0  75.676575  -556.42865  561.5512  
87  0  175.37512  -794.296  813.42645  
88  0  656.78  -494.86136  822.34283  
89  139  1707.5824  -1916.5323  2566.8918  
90  135  -2586.0115  2568.6138  3644.891  
91  139  -886.54205  687.5512  1121.9106  
92  0  -94.97921  535.8822  544.23413  
93  0  -259.25012  312.7393  406.2222  
94  0  -177.36282  -82.82933  195.75053  
95  139  -209.05511  18.182098  209.8443  
96  137  -464.99634  135.49054  484.33386  
97  135  -284.4476  -31.524622  286.18918  
98  0  359.96387  523.3953  635.2296  
99  0  -134.27586  -6.3848057  134.42758  
100  0  -303.6628  461.90237  552.77924  
101  133  -110.63623  -69.90079  130.86824  
102  135  40.259064  -27.69529  48.865337  
103  137  -152.71947  -94.454056  179.56839  
104  137  -222.47491  -180.3821  286.41367  
105  0  -161.3809  -62.236313  172.96576  
106  0  -173.66562  -58.056152  183.11272  
107  0  -120.11066  -181.31706  217.49126  
108  139  -502.50906  -371.22424  624.7582  
109  137  111.20862  -26.578049  114.34049  
110  136  38.80107  -165.95682  170.43236  
111  0  -60.51973  -76.2165  97.322105  
112  0  -75.24167  -170.9062  186.73575  
113  0  85.96693  -243.82234  258.53366  
114  135  48.64614  -179.8392  186.3024  
115  140  -135.7449  -410.80295  432.6497  
116  135  64.250755  -475.88196  480.19974  
117  0  -182.26003  161.2757  243.36919  
118  0  56.18496  -237.54309  244.09726  
119  0  -614.3266  -364.38086  714.26227  
120  135  -216.15823  -440.09637  490.3154  
121  141  -29.864014  -181.38316  183.82523  
122  135  -83.82182  -504.42294  511.34  
123  0  140.00874  -781.32446  793.7697  
124  0  17.960442  -931.2618  931.43494  
125  0  -385.18787  -1575.0516  1621.4677  
126  0  135.62968  -2658.6519  2662.1091  
127  137  3486.9165  -34248.312  34425.363  
128  140  -508.2605  3054.6328  3096.629  
129  139  -667.85986  1620.6914  1752.9054  
130  0  -140.85031  920.34033  931.0559  
131  0  -42.35303  814.62335  815.7236  
132  0  -215.43457  381.1532  437.82394  
133  135  -177.53635  168.43999  244.72675  
134  135  -293.88794  409.74243  504.241  
135  138  -636.16614  233.49063  677.66156  
136  0  205.67459  265.39923  335.76596  
137  0  -112.32507  -55.906425  125.46892  
138  0  -25.22543  595.2174  595.7517  
139  136  -75.47517  357.55585  365.43494  
140  135  91.86627  154.48291  179.73419  
141  139  -23.173565  194.27254  195.64978  
142  0  -147.56909  131.41402  197.60132  
143  0  -89.25489  78.70062  118.996735  
144  0  -79.99729  139.25212  160.5949  
145  129  23.59461  107.4395  109.99978  
146  137  -638.6019  183.28827  664.3847  
147  133  -139.8511  103.333984  173.88573  
148  136  -227.51569  -31.53357  229.69057  
149  0  -184.63106  62.91664  195.05675  
150  0  -229.07407  85.636505  244.55785  
151  0  -218.45718  -33.704132  221.04189  
152  137  8.319518  -83.30803  83.72241  
153  135  -178.42906  -163.41943  241.95628  
154  137  -231.15898  -697.5459  734.85016  
155  0  -53.165558  -56.18579  77.35257  
156  0  395.51495  -442.87473  593.7761  
157  0  -435.95975  25.388046  436.69836  
158  136  -525.69543  -175.20497  554.12317  
159  139  -230.37897  -58.671577  237.73268  
160  137  -319.12024  -38.430466  321.42593  
161  0  -262.6978  -574.36084  631.5857  
162  0  -164.89397  -656.7251  677.1099  
163  0  -976.6902  -1007.21014  1402.9954  
164  138  -2012.4323  -3033.196  3640.0771  
165  136  2451.4998  4470.032  5098.1406  
166  137  781.035  1198.3823  1430.432  
167  0  155.56921  1161.8239  1172.193  
168  0  148.97849  738.4684  753.34595  
169  0  429.74567  612.48413  748.20996  
170  0  198.7146  557.05225  591.43445  
171  138  42.395294  171.12021  176.29375  
172  138  110.664215  242.6174  266.66415  
173  137  -408.66962  521.0081  662.1633  
174  0  -22.913368  299.82147  300.69577  
175  0  -410.4007  -104.869095  423.58737  
176  0  -1.7628784  266.65042  266.65625  
177  137  -15.19561  335.60986  335.9537  
178  140  75.45976  151.8988  169.60962  
179  137  32.987152  217.19272  219.68347  
180  0  34.400383  209.89233  212.69269  
181  0  58.242554  92.428635  109.24856  
182  0  66.329895  81.71599  105.24808  
183  137  314.02286  -92.813965  327.45197  
184  133  -168.18079  443.25183  474.0854  
185  136  60.614006  234.1782  241.89563  
186  0  -151.97495  148.90775  212.76724  
187  0  -68.972565  122.26325  140.37634  
188  0  -66.838455  315.27014  322.27728  
189  138  -201.8012  278.47897  343.91025  
190  140  72.19539  187.61215  201.02362  
191  141  114.69047  313.95486  334.24774  
192  135  -422.5276  -37.60829  424.198  
193  0  -225.94598  304.99454  379.56982  
194  0  187.18108  -709.9117  734.17395  
195  0  26.522064  -138.6486  141.16252  
196  137  -407.46713  2.591467  407.47537  
197  133  -103.290695  -7.862318  103.5895  
198  137  59.72165  259.2451  266.03513  
199  0  -144.39107  65.461494  158.53702  
200  0  203.9498  -273.02417  340.78986  
201  0  -196.6875  -43.625416  201.46748  
202  135  -2801.2822  -1138.2867  3023.7195  
203  140  202.94962  92.4004  222.99413  
204  135  46.98497  -294.2677  297.99506  
205  0  7.6818085  215.50348  215.64035  
206  0  -174.65506  202.74982  267.60394  
207  0  153.82784  73.5301  170.49832  
208  135  190.98212  166.66174  253.47644  
209  137  27.360847  -49.89368  56.903385  
210  136  228.48416  -165.31812  282.01968  
211  135  -2.4029083  264.6527  264.6636  
212  0  307.27228  229.8986  383.75723  
213  0  -437.60736  118.8624  453.46277  
214  0  -182.50766  84.125854  200.9632  
215  134  -65.42571  223.79688  233.16425  
216  137  -91.67855  199.55316  219.60515  
217  138  -77.202446  135.68552  156.11142  
218  0  -5.775299  92.8424  93.02186  
219  0  -30.808266  124.54614  128.3  
220  0  -29.20536  185.80147  188.0828  
221  134  38.060448  -499.63556  501.0831  
222  138  -25.82277  58.76127  64.184906  
223  133  183.94077  10.657211  184.24924  
224  0  -24.97313  117.234505  119.86487  
225  0  -97.38713  -69.02846  119.369934  
226  0  -19.64212  88.131096  90.29343  
227  135  -60.91253  281.50653  288.0213  
228  134  57.102554  107.932465  122.107  
229  134  527.33234  241.23727  579.8921  
230  0  -47.27587  180.434  186.52463  
231  0  246.35794  993.1017  1023.2024  
232  0  -52.310143  -351.27554  355.14908  
233  0  177.69124  -340.9332  384.46017  
234  138  -196.92558  15.20752  197.5119  
235  141  -221.59515  -107.38998  246.24586  
236  135  220.52559  132.57976  257.31097  
237  0  132.62067  229.41145  264.9865  
238  0  343.33197  -255.83963  428.17142  
239  0  909.6845  -276.58136  950.80133  
240  138  -1498.939  359.53122  1541.4541  
241  136  -333.5805  242.01913  412.1277  
242  136  -547.6859  -231.69499  594.6784  
243  0  -262.1984  -79.173294  273.89124  
244  0  -345.50146  192.69582  395.60452  
245  0  -268.4633  15.2556  268.8964  
246  136  24.79027  22.655342  33.58306  
247  142  -162.19154  52.409637  170.44902  
248  137  -231.24977  -303.01813  381.1777  
249  0  -128.15053  -39.113327  133.9866  
250  0  340.83768  -297.42352  452.36166  
251  0  -129.09207  10.75058  129.53894  
252  142  -172.9544  -8.544983  173.16536  
253  133  -157.53186  21.825447  159.03659  
254  137  -188.96878  47.15142  194.76257  
255  135  -137.00589  61.540222  150.19258  
256  0  -102.1027  111.98859  151.5467  
257  0  -79.774254  144.0668  164.679  
258  0  76.22046  461.4963  467.74823  
259  133  -284.0375  -164.5776  328.2729  
260  138  -311.20532  95.92395  325.65344  
261  136  -67.52354  -221.44281  231.50885  
262  0  -24.872494  -102.629814  105.60075  
263  0  -259.63434  -151.78532  300.74704  
264  0  -250.36536  -210.04153  326.8031  
265  137  -250.13577  123.47307  278.9507  
266  137  -404.0338  28.638  405.0475  
267  134  96.85081  -319.52017  333.87607  
268  0  -396.65002  -304.17624  499.8544  
269  0  1029.69  912.92676  1376.1165  
270  0  94.66992  241.88152  259.74808  
271  138  139.18489  -270.09412  303.84744  
272  138  72.51031  -20.106712  75.24642  
273  135  -280.0074  47.047264  283.93234  
274  0  -1.1188507  -101.661545  101.6677  
275  0  190.65686  304.87582  359.58212  
276  0  56.79989  4.094734  56.947292  
277  0  850.5481  -998.05365  1311.3135  
278  135  -89.82242  205.88077  224.62181  
279  139  289.67  208.92744  357.15457  
280  135  -201.1098  -28.156006  203.0712  
281  0  -225.93695  -203.02182  303.75214  
282  0  -162.01196  119.171684  201.12128  
283  0  -233.76178  160.22708  283.40305  
284  137  -1.6775894  32.6773  32.720333  
285  138  98.44069  209.6711  231.63017  
286  137  -228.81732  38.597454  232.04984  
287  0  -264.7673  300.36188  400.39853  
288  0  -55.507393  -320.50058  325.27173  
289  0  -19.66333  -177.32405  178.41095  
290  136  -63.84719  -91.067795  111.219635  
291  133  -114.85667  -2.8591042  114.89225  
292  137  -162.60072  -80.60235  181.48206  
293  0  -194.69487  -158.97884  251.35704  
294  0  -220.89185  -80.64677  235.15338  
295  0  -163.34836  -76.74347  180.47783  
296  0  415.7805  120.187004  432.8029  
297  140  -54.54869  -46.53244  71.69956  
298  139  -50.910698  383.91592  387.27682  
299  139  -154.76512  11.574938  155.19736  
300  0  17.429886  -95.93437  97.50489  
301  0  -169.99904  30.083778  172.6404  
302  0  -359.34808  -147.24425  388.3451  
303  139  -263.6762  106.80463  284.48615  
304  139  -526.41943  413.116  669.16534  
305  139  -431.2602  -130.93234  450.69794  
306  0  -1984.1833  -30.009905  1984.4103  
307  0  697.2862  29.998526  697.9312  
308  0  320.39966  207.28352  381.60504  
309  137  48.509567  -203.5422  209.24295  
310  136  203.96225  -210.12526  292.83652  
311  135  -93.39878  82.55485  124.65406  
312  0  -257.00958  -26.982044  258.42206  
313  0  116.04966  232.7887  260.11172  
314  0  -49.991013  530.2448  532.5961  
315  136  -30.159927  -834.05554  834.60065  
316  141  -211.69437  -192.99318  286.4627  
317  135  442.9674  -263.30267  515.3139  
318  134  135.0914  -182.43692  227.00862  
319  0  -47.734474  -326.85403  330.32126  
320  0  5.347595  -224.76112  224.82474  
321  0  -26.180641  -22.709965  34.65788  
322  135  -35.872726  -134.40738  139.11217  
323  137  212.83792  -68.55661  223.60677  
324  139  1.3949432  -201.8103  201.81512  
325  0  140.7825  324.9493  354.13522  
326  0  -42.812607  -110.03774  118.07296  
327  0  -0.559433  -179.21298  179.21385  
328  141  -22.447853  -216.32014  217.48175  
329  137  53.98355  -143.36612  153.19292  
330  136  -59.52137  -105.78458  121.38027  
331  0  -42.435028  -199.26761  203.73589  
332  0  -125.42342  -78.84567  148.14748  
333  0  -448.8095  2.3180008  448.8155  
334  137  189.27835  -263.88486  324.74838  
335  138  -69.60191  -406.52744  412.44272  
336  137  197.10626  47.576378  202.76685  
337  0  118.38652  -66.80306  135.93387  
338  0  251.6653  -287.32657  381.95807  
339  0  342.4299  -250.19888  424.09634  
340  0  43.54606  -319.54425  322.49774  
341  138  169.88538  -466.77765  496.73175  
342  138  459.48474  -4.096283  459.50302  
343  137  981.1685  -669.3664  1187.7471  
344  0  -2844.1682  1951.2927  3449.179  
345  0  -705.3936  267.3657  754.3637  
346  0  -29.314762  381.60104  382.72537  
347  135  -212.07051  72.0101  223.96284  
348  139  -192.63394  -252.00247  317.19565  
349  138  -174.24414  -7.5331116  174.4069  
350  0  -386.75702  82.2576  395.40775  
351  0  -66.16018  38.236877  76.41485  
352  0  309.91412  687.204  753.8541  
353  136  -210.43318  -80.11329  225.16719  
354  134  -407.2271  295.24774  502.9962  
355  135  -36.930748  -190.83194  194.3726  
356  0  146.84872  -128.68805  195.25665  
357  0  -195.69527  -230.02  302.00305  
358  0  -203.54126  -294.2662  357.80112  
359  139  -133.29117  -166.34625  213.161  
360  137  -237.72772  -166.51282  290.24298  
361  133  -78.699295  -244.54959  256.90094  
362  136  -344.04736  -375.6277  509.37683  
363  0  249.40854  2.2545013  249.41873  
364  0  60.40355  -148.38475  160.20805  
365  0  -13.235981  -118.99062  119.72452  
366  136  -27.01258  -123.54581  126.46441  
367  133  108.54936  -130.54413  169.77849  
368  137  45.411808  -226.55139  231.05792  
369  0  -7.3226776  -442.95648  443.017  
370  0  96.23869  -420.6516  431.52017  
371  0  -290.50674  107.75774  309.84818  
372  135  1.3299255  -275.3937  275.3969  
373  136  -591.05457  -541.6595  801.711  
374  138  -44.9047  -407.61816  410.08414  
375  0  36.549404  -156.07883  160.30115  
376  0  10.200409  -580.61865  580.70825  
377  0  279.471  -738.73004  789.82666  
378  134  95.037964  -832.41724  837.82495  
379  135  -121.740944  -1459.978  1465.0449  
380  137  514.6574  -1997.046  2062.2961  
381  139  3130.3765  -9936.007  10417.461  
382  0  -1206.5929  3220.5762  3439.1826  
383  0  -854.174  1387.6418  1629.467  
384  0  -176.00964  868.2595  885.91986  
385  136  -98.02002  686.2517  693.2167  
386  137  -293.0208  211.62712  361.45157  
387  135  -167.082  124.29071  208.24162  
388  0  -447.2634  359.8839  574.07404  
389  0  -604.8467  84.75078  610.75543  
390  0  296.25018  288.72546  413.67447  
391  136  -78.57507  -13.652237  79.75228  
392  137  -136.19438  628.7053  643.28784  
393  135  -171.11298  300.9004  346.15128  
394  0  58.131805  95.16704  111.517136  
395  0  -23.90657  150.28989  152.17941  
396  0  -114.65109  51.53763  125.70203  
397  133  -56.24814  86.73648  103.37829  
398  133  -139.1603  148.29852  203.36676  
399  137  -168.81937  34.936306  172.39641  
400  0  -654.99963  -0.51879126  654.9999  
401  0  -168.51653  -34.805584  172.07338  
402  0  -138.47655  -148.28932  202.89278  
403  0  -55.9514  -86.35254  102.89471  
404  136  -114.51666  -51.35948  125.506424  
405  134  -23.311996  -150.03862  151.83885  
406  139  58.10949  -94.63588  111.05252  
407  0  -170.62717  -300.82043  345.84183  
408  0  -134.62033  -628.11676  642.3809  
409  0  -78.43103  14.523075  79.76431  
410  134  296.3888  -287.05966  412.6131  
411  137  -605.29626  -85.12486  611.2527  
412  135  -446.24957  -359.83273  573.2524  
413  0  -166.45749  -123.386505  207.20117  
414  0  -292.1904  -211.11824  360.48044  
415  0  -96.32496  -685.054  691.79297  
416  139  -174.09087  -866.4462  883.7628  
417  135  -850.6912  -1385.902  1626.161  
418  138  -1197.1976  -3213.3408  3429.1167  
419  0  3111.9473  9947.934  10423.32  
420  0  509.297  1995.4116  2059.381  
421  0  -125.25037  1457.9404  1463.3107  
422  137  93.11378  830.8899  836.091  
423  139  277.63217  738.1018  788.5898  
424  138  8.579063  579.33356  579.3971  
425  136  35.827015  155.3123  159.39098  
426  0  -46.338455  407.15207  409.78052  
427  0  -592.188  539.89935  801.36005  
428  0  0.9146118  274.57394  274.57547  
429  136  -290.233  -108.62546  309.89465  
430  136  95.62736  420.7105  431.44168  
431  135  -8.166885  442.41278  442.48816  
432  0  44.7868  226.08566  230.47903  
433  0  108.203354  130.47311  169.5028  
434  0  -27.417885  122.9034  125.92452  
435  136  -13.647949  118.61235  119.39496  
436  137  60.00142  148.2464  159.92862  
437  138  248.83719  -1.8264542  248.84389  
438  0  -345.40125  374.70996  509.6171  
439  0  -79.458405  243.9302  256.54547  
440  0  -238.25691  165.7206  290.22348  
441  138  -133.88358  165.75398  213.07086  
442  135  -204.27637  293.48322  357.5769  
443  137  -196.03545  228.90929  301.3791  
444  0  146.44077  128.48042  194.81303  
445  0  -37.787277  190.01529  193.73613  
446  0  -406.715  -296.7016  503.43713  
447  0  -210.44934  78.95818  224.77393  
448  137  311.21146  -687.1603  754.3486  
449  138  -66.73277  -38.22078  76.90313  
450  135  -386.83252  -83.171906  395.6728  
451  0  -174.32155  7.146637  174.46799  
452  0  -193.12013  251.40776  317.01932  
453  0  -212.14178  -73.08322  224.37756  
454  137  -29.172987  -382.18994  383.30173  
455  136  -706.07837  -269.4045  755.7284  
456  136  -2838.939  -1956.1902  3447.6448  
457  0  982.4547  673.06335  1190.8953  
458  0  460.57916  5.5255585  460.6123  
459  0  169.32124  467.8965  497.59103  
460  137  43.30767  319.92215  322.84012  
461  135  342.32785  251.07672  424.53253  
462  134  251.28375  287.8435  382.09607  
463  0  118.25189  66.98927  135.90833  
464  0  196.80257  -47.012184  202.3398  
465  0  -70.56587  406.56622  412.64468  
466  0  188.63184  264.0972  324.54474  
467  137  -448.73898  -3.1647797  448.75015  
468  141  -125.49256  78.620995  148.08661  
469  137  -42.564354  199.27713  203.77217  
470  0  -59.444138  105.87554  121.42172  
471  0  53.912605  143.64485  153.42885  
472  0  -22.701073  216.28363  217.47173  
473  135  -0.57730865  179.09454  179.09547  
474  137  -42.8276  109.37505  117.46108  
475  137  141.67293  -324.63995  354.2066  
476  0  0.9415741  202.1726  202.17479  
477  0  212.82764  69.063934  223.75305  
478  0  -36.217255  134.75784  139.53984  
479  135  -25.91883  22.746208  34.48443  
480  137  4.7815094  224.97409  225.02489  
481  135  -48.38459  326.7931  330.35556  
482  0  134.79295  182.62955  226.9861  
483  0  442.18777  264.04257  515.0228  
484  0  -212.08835  192.24167  286.24872  
485  138  -32.012367  833.2712  833.8859  
486  135  -48.931976  -531.3824  533.63055  
487  130  116.26135  -232.5151  259.9615  
488  138  -257.36258  26.658665  258.73962  
489  0  -93.04441  -82.63525  124.44214  
490  0  203.36482  210.5162  292.70178  
491  0  47.91565  203.2986  208.86893  
492  137  320.37726  -207.0549  381.46207  
493  135  695.43994  -28.513565  696.02423  
494  141  -1985.5332  25.897564  1985.702  
495  0  -431.07086  129.53162  450.1117  
496  0  -525.16785  -414.4293  668.99396  
497  0  -262.86176  -107.0523  283.82477  
498  136  -359.1046  146.9532  388.0095  
499  137  -169.43689  -30.510283  172.16194  
500  133  17.657333  95.78658  97.40047  
501  0  -154.49835  -12.227133  154.98143  
502  0  -49.51291  -384.37366  387.54953  
503  0  -54.361618  46.55371  71.57118  
504  136  416.16342  -119.16212  432.8875  
505  136  -163.5239  76.56057  180.5591  
506  136  -221.06622  80.42411  235.24097  
507  0  -195.04575  158.49278  251.32211  
508  0  -162.53091  80.16638  181.22624  
509  0  -114.743256  2.75074  114.77622  
510  0  -63.922134  91.17645  111.35162  
511  137  -19.615204  176.89398  177.9782  
512  138  -56.209297  320.04974  324.94818  
513  137  -263.98587  -301.18954  400.5043  
514  0  -228.28561  -39.12878  231.61473  
515  0  99.370544  -209.7954  232.1392  
516  0  -1.7571411  -32.506775  32.55423  
517  139  -233.32468  -160.51016  283.20297  
518  140  -161.59279  -119.15879  200.77611  
519  135  -225.79509  202.68317  303.42032  
520  0  -200.74146  28.176819  202.70932  
521  0  290.7806  -208.4216  357.761  
522  0  -88.71843  -205.37204  223.71553  
523  135  848.7056  999.7012  1311.3748  
524  136  56.35817  -4.688759  56.552876  
525  138  190.9158  -304.7937  359.6499  
526  0  -1.5697403  101.64255  101.65466  
527  0  -279.70392  -47.540695  283.71536  
528  0  72.652176  20.402817  75.46266  
529  135  139.04544  270.08795  303.7781  
530  138  95.379715  -242.0874  260.19916  
531  137  1030.9983  -910.53827  1375.5135  
532  140  -397.95166  304.32968  500.98114  
533  0  95.53639  319.90686  333.86765  
534  0  -404.5517  -29.26072  405.60852  
535  0  -250.1326  -123.64254  279.02292  
536  137  -250.97621  209.89069  327.1745  
537  139  -259.7768  151.40616  300.67892  
538  137  -25.102306  102.44901  105.47951  
539  0  -68.282684  221.04889  231.355  
540  0  -310.62714  -96.696434  325.3297  
541  0  -284.00238  163.71846  327.8126  
542  134  77.5125  -461.67993  468.1416  
543  134  -79.53055  -144.06041  164.5555  
544  139  -102.00148  -112.00073  151.4875  
545  0  -137.11801  -61.806755  150.4042  
546  0  -188.9646  -47.379753  194.81392  
547  0  -157.51312  -21.898872  159.02812  
548  134  -172.71732  8.430923  172.92296  
549  137  -128.58809  -10.705765  129.03297  
550  139  340.2463  298.28955  452.4867  
551  0  -128.56725  38.953384  134.33876  
552  0  -232.26578  302.56873  381.43835  
553  0  -162.06595  -53.043106  170.52548  
554  0  24.80101  -22.815704  33.699356  
555  135  -268.65494  -15.943375  269.1276  
556  134  -345.11356  -193.2126  395.51797  
557  133  -262.1792  78.93446  273.8039  
558  0  -547.9865  230.42441  594.4616  
559  0  -332.88522  -242.85696  412.05835  
560  0  -1496.8124  -362.28094  1540.0308  
561  136  910.89685  279.20605  952.7272  
562  138  343.30515  256.39563  428.48236  
563  135  133.2096  -229.54767  265.39957  
564  0  220.6715  -131.69145  256.97968  
565  0  -221.851  107.00848  246.31013  
566  0  -196.30948  -15.629326  196.93066  
567  137  177.49878  341.12344  384.54  
568  136  -52.63224  350.21155  354.14444  
569  140  248.90594  -993.40857  1024.1166  
570  0  -46.379585  -180.25073  186.12198  
571  0  527.96155  -239.79608  579.8668  
572  0  57.038002  -107.566345  121.75324  
573  138  -60.47381  -281.3569  287.78253  
574  139  -19.71099  -87.610725  89.80068  
575  136  -97.50288  69.14078  119.52932  
576  137  -24.382317  -117.131996  119.64281  
577  0  183.9852  -9.7909775  184.24554  
578  0  -26.01989  -58.294235  63.837704  
579  0  36.934418  499.56006  500.92355  
580  137  -28.7976  -185.99225  188.20845  
581  137  -30.66764  -124.541855  128.26215  
582  137  -5.751358  -92.65057  92.82891  
583  0  -76.950554  -135.79935  156.08604  
584  0  -91.26731  -199.70464  219.57155  
585  0  -65.23453  -223.60625  232.92766  
586  136  -182.36201  -84.331726  200.91727  
587  137  -437.03317  -119.62311  453.10892  
588  141  308.10144  -229.1626  383.98178  
589  0  -1.7620392  -264.03778  264.04367  
590  0  228.18494  166.37506  282.3987  
591  0  27.238213  49.935326  56.881077  
592  131  191.07776  -166.06247  253.155  
593  137  153.00357  -72.93773  169.49927  
594  137  -174.72594  -202.56525  267.51044  
595  136  7.7012787  -214.80469  214.9427  
596  0  45.509956  295.18524  298.67288  
597  0  201.14122  -91.00361  220.77011  
598  0  -2804.0793  1132.922  3024.297  
599  140  -195.51662  43.736492  200.34875  
600  135  204.42789  272.98172  341.0422  
601  138  -143.75262  -65.86947  158.12527  
602  0  60.49951  -258.99197  265.96436  
603  0  -103.00107  7.6649256  103.285866  
604  0  -406.9583  -3.3863926  406.97238  
605  134  26.896637  139.00246  141.58076  
606  138  185.97534  710.035  733.9867  
607  138  -225.52739  -306.15607  380.25537  
608  0  -422.38297  36.300076  423.93994  
609  0  116.00195  -314.106  334.8418  
610  0  72.68291  -188.04567  201.60352  
611  137  -200.96747  -278.98404  343.8314  
612  139  -65.83197  -315.46988  322.26556  
613  135  -68.42707  -122.29724  140.13878  
614  0  -151.2914  -149.01794  212.35686  
615  0  61.112656  -233.84033  241.69414  
616  0  -166.62695  -443.18604  473.47482  
617  0  314.0452  94.20541  327.87045  
618  139  66.752815  -81.186264  105.105415  
619  131  58.50592  -92.27279  109.25754  
620  139  35.098663  -209.84467  212.75974  
621  0  33.590866  -217.0144  219.59872  
622  0  75.796745  -151.67493  169.55951  
623  0  -14.392845  -335.38474  335.69342  
624  139  -1.3674698  -266.02158  266.0251  
625  139  -410.44476  104.0696  423.43286  
626  135  -21.961433  -300.02225  300.82495  
627  0  -406.7081  -522.4671  662.1053  
628  0  111.68986  -242.12027  266.63992  
629  0  43.405693  -171.0859  176.50621  
630  135  200.57684  -556.8812  591.9018  
631  134  431.2575  -611.57526  748.33636  
632  137  150.54272  -738.0986  753.2945  
633  0  158.25024  -1161.3004  1172.0332  
634  0  783.9365  -1196.3939  1430.3549  
635  0  2458.3564  -4459.952  5092.6113  
636  133  -2021.2933  3034.5205  3646.086  
637  137  -978.7414  1006.84827  1404.1646  
638  139  -166.02065  657.54553  678.1806  
639  130  -264.02496  574.5763  632.33466  
640  0  -319.09494  38.585464  321.41937  
641  0  -230.73695  58.99357  238.15916  
642  0  -525.738  175.21063  554.1653  
643  137  -435.05698  -25.153137  435.7835  
644  135  395.19904  444.76385  594.9766  
645  137  -53.402473  56.937798  78.06239  
646  0  -232.44681  697.92523  735.61615  
647  0  -178.34602  163.26889  241.79337  
648  0  8.311417  83.79428  84.20547  
649  137  -218.50575  33.882164  221.11708  
650  135  -228.60811  -85.382065  244.0323  
651  143  -184.17178  -62.619064  194.52608  
652  0  -227.2941  31.87416  229.51811  
653  0  -139.48541  -102.74878  173.24402  
654  0  -637.72595  -183.60135  663.6293  
655  133  24.59218  -107.19261  109.97741  
656  138  -79.32635  -138.18141  159.33228  
657  137  -88.82567  -77.747604  118.04529  
658  0  -146.67336  -130.36472  196.23463  
659  0  -22.343792  -192.87802  194.16791  
660  0  92.45299  -153.06633  178.82074  
661  0  -74.42984  -356.19153  363.8849  
662  142  -23.974983  -593.262  593.7463  
663  139  -112.24718  58.373528  126.51837  
664  136  206.11531  -262.62814  333.85187  
665  0  -635.5389  -232.12756  676.60394  
666  0  -292.596  -407.31805  501.51813  
667  0  -176.52005  -165.23819  241.79121  
668  135  -213.80469  -377.85373  434.1496  
669  135  -39.887665  -809.95355  810.9351  
670  137  -138.57483  -913.7969  924.24445  
671  0  -663.3979  -1611.1614  1742.3943  
672  0  -498.4013  -3028.5867  3069.3225  
673  0  3413.8281  34261.836  34431.492  
674  134  128.21509  2639.6538  2642.7659  
675  137  -389.17804  1563.481  1611.1897  
676  137  15.703896  923.41174  923.5453  
677  0  138.34756  775.8088  788.0478  
678  0  -85.19361  499.17075  506.38858  
679  0  -30.480217  177.46005  180.05864  
680  0  -217.18057  436.6114  487.64426  
681  147  -615.30695  359.88232  712.8239  
682  138  56.19335  234.89763  241.52554  
683  136  -181.73407  -163.75623  244.62906  
684  0  63.53746  474.35614  478.5925  
685  0  -136.15927  408.60696  430.69595  
686  0  48.520287  177.85611  184.35567  
687  139  85.59519  242.27853  256.95413  
688  136  -75.41957  169.20572  185.25304  
689  135  -60.389168  74.46898  95.877426  
690  0  38.344315  164.75848  169.16159  
691  0  111.07089  25.739178  114.014244  
692  0  -503.28265  369.094  624.1184  
693  135  -120.12639  179.50237  215.98947  
694  133  -173.69498  56.2643  182.58044  
695  138  -161.16235  60.658188  172.19965  
696  0  -222.51361  178.8876  285.50497  
697  0  -152.54993  92.661026  178.48683  
698  0  40.308334  26.359615  48.162136  
699  133  -110.760544  68.05074  129.99539  
700  135  -302.29474  -463.77814  553.59937  
701  139  -133.97678  5.0266356  134.07104  
702  136  361.1048  -523.4909  635.9555  
703  0  -284.7754  30.41843  286.39536  
704  0  -464.45764  -137.0287  484.2497  
705  0  -208.33714  -19.384115  209.23695  
706  137  -177.06075  81.63158  194.97237  
707  138  -258.14816  -314.05002  406.53152  
708  137  -94.139565  -536.83655  545.0282  
709  0  -885.6441  -690.01373  1122.713  
710  0  -2578.422  -2571.6685  3641.667  
711  0  1706.9292  1921.981  2570.5288  
712  137  656.5431  496.47128  823.12366  
713  141  174.42117  794.306  813.2311  
714  134  75.16094  556.30554  561.36  
715  0  318.05145  459.28162  558.6558  
716  0  221.96217  404.19077  461.1262  
717  0  85.71683  57.053024  102.96806  
718  137  203.44974  167.01477  263.22183  
719  139  -166.03717  550.60486  575.09485  
720  137  117.90235  337.80835  357.79248  
721  0  -429.74844  15.991608  430.04587  
722  0  -86.44177  165.34822  186.58032  
723  0  -64.224396  299.7974  306.5995  
724  0  24.571793  208.69232  210.13391  
725  138  83.85673  100.01507  130.51807  
726  125  -5.2760468  145.04266  145.1386  
727  141  6.7552185  74.73949  75.04414  
728  0  -18.801064  116.4011  117.90969  
729  0  276.41913  -329.69574  430.24042  
730  0  -53.23861  285.02832  289.95773  
731  135  93.58361  256.24652  272.8006  
732  138  -26.973183  201.83344  203.6278  
733  139  -47.860588  138.60843  146.63878  
734  0  -94.13161  297.40292  311.9443  
735  0  -131.43259  357.55066  380.94226  
736  0  156.92316  217.13757  267.90594  
737  133  298.6399  395.9679  495.96005  
738  137  -308.50623  132.73975  335.85107  
739  141  -176.732  477.8977  509.5296  
740  0  114.63987  -681.4685  691.0439  
741  0  143.0833  -146.73825  204.95108  
742  0  -262.32632  -42.941025  265.81766  
743  139  -148.61478  -54.18873  158.18587  
744  138  63.517693  253.38863  261.22842  
745  135  1.8902912  116.12132  116.1367  
746  139  265.2307  -260.35107  371.65845  
747  0  202.64111  15.415558  203.22662  
748  0  -2588.2734  -409.98267  2620.543  
749  0  -168.91  -9.104538  169.1552  
750  134  -254.58679  -466.6787  531.6046  
751  136  -135.09056  3.0484009  135.12495  
752  137  -227.2138  176.72815  287.85233  
753  0  11.45656  43.963287  45.431526  
754  0  168.66304  163.01039  234.56259  
755  0  4.4245186  -56.2493  56.423046  
756  137  49.81068  -302.63837  306.7101  
757  134  -37.41988  83.60051  91.59309  
758  134  418.48947  -43.80774  420.77615  
759  0  -300.49207  75.068436  309.7269  
760  0  -228.01532  22.896988  229.16208  
761  0  -141.80548  130.24109  192.5397  
762  135  -166.50015  168.56506  236.93138  
763  135  -97.223785  72.7914  121.45391  
764  137  -102.296875  116.94802  155.37532  
765  139  -72.662926  169.56346  184.47675  
766  0  -26.563293  282.40735  283.65387  
767  0  -169.04942  -356.34595  394.41113  
768  0  -124.13683  -18.539406  125.513596  
769  138  114.7702  -86.05545  143.44943  
770  138  -10.692795  5.507324  12.027738  
771  139  -104.46305  -173.30362  202.35284  
772  0  -28.563232  -47.837738  55.716312  
773  0  -27.151245  271.77716  273.13004  
774  0  4.840973  75.4981  75.653145  
775  136  491.1375  27.435112  491.9032  
776  138  6.3727417  126.059746  126.220726  
777  138  533.3934  1087.6283  1211.381  
778  0  -98.28725  -136.60466  168.2891  
779  0  173.81287  -263.38898  315.57037  
780  0  -127.24841  59.516136  140.47893  
781  141  -219.7847  -78.77486  233.47546  
782  136  104.80312  15.428032  105.93262  
783  137  172.37646  287.58188  335.2864  
784  0  227.97078  -282.98846  363.39117  
785  0  1068.6349  -578.9988  1215.4094  
786  0  -847.7671  466.13846  967.4679  
787  0  -154.82281  293.64572  331.96072  
788  137  -509.69727  -209.0588  550.9055  
789  133  -303.61777  -79.79115  313.92734  
790  137  -373.3557  230.32866  438.68643  
791  0  -313.6233  53.847397  318.21237  
792  0  -37.204254  78.61941  86.977974  
793  0  -132.27219  93.27924  161.85472  
794  135  -310.80557  -144.10974  342.58972  
795  135  -226.20354  44.154877  230.47276  
796  137  178.88432  -388.901  428.0696  
797  0  -68.87398  -24.896988  73.23582  
798  0  -179.52193  -60.60501  189.47583  
799  0  -76.99858  -7.8906193  77.401825  
