n v(n)    Re(T)       Im(T)        Mod(T) 
   
0  517  442218.0  0.0  442218.0  
1  596  21.094543  16.982761  27.081247  
2  510  18.873962  2.024684  18.98225  
3  588  -4.182556  -9.754432  10.613327  
4  534  17.337952  2.9705753  17.59059  
5  552  7.0526123  -0.9119072  7.111323  
6  572  29.379272  -9.240141  30.798082  
7  518  7.2471313  -11.216454  13.354016  
8  596  9.541016  -18.586117  20.891977  
9  510  -18.340332  77.76831  79.90167  
10  585  23.644165  20.557133  31.331171  
11  538  -8.325073  21.963913  23.488728  
12  549  -4.414673  -7.4131165  8.628073  
13  576  1.225708  -16.671448  16.716444  
14  516  24.588867  1.3458633  24.625671  
15  596  0.6548462  -2.7236252  2.801242  
16  510  15.8671875  26.013786  30.471048  
17  585  0.81573486  1.6930542  1.8793232  
18  537  15.922607  -13.678421  20.991156  
19  546  0.07171631  -8.7519  8.752193  
20  577  4.40625  13.778381  14.465781  
21  514  -11.985413  -7.0940704  13.927525  
22  597  -8.152954  -21.359291  22.862415  
23  512  48.36377  34.982384  59.689373  
24  582  47.490845  -8.442841  48.235485  
25  539  24.72699  -9.339996  26.432169  
26  547  24.896118  -4.557968  25.309916  
27  577  12.5477295  -4.9114227  13.474702  
28  515  -3.2374268  19.155304  19.426954  
29  597  11.570496  3.6963654  12.146584  
30  513  -4.774719  -24.660004  25.117996  
31  581  1.1623535  -14.8762665  14.921607  
32  543  -2.6156616  -14.4543915  14.68915  
33  543  12.309814  -26.731018  29.429218  
34  580  12.6502075  15.477905  19.98983  
35  513  4.845459  15.873016  16.596117  
36  597  1.6744995  17.027847  17.109983  
37  514  10.231445  -7.6969757  12.803355  
38  582  0.9416504  33.510193  33.52342  
39  545  29.52594  22.917816  37.376564  
40  540  -2.5285034  1.4139404  2.896991  
41  582  -0.37945557  -22.669083  22.672258  
42  512  -23.716919  28.885254  37.37446  
43  596  -3.9249268  -21.909332  22.25812  
44  514  8.731506  10.902634  13.968058  
45  578  15.916199  7.7702637  17.711645  
46  545  22.392822  -1.4424286  22.43923  
47  540  0.24902344  14.515915  14.518051  
48  585  -5.2993774  11.063644  12.26734  
49  511  13.559814  7.942093  15.714497  
50  596  -14.180054  -0.83213806  14.20445  
51  515  14.406677  8.149918  16.552145  
52  575  18.721802  -0.14326477  18.722351  
53  548  -8.047058  -2.8504639  8.536995  
54  539  0.48498535  1.1726227  1.2689581  
55  584  5.1675415  2.8157349  5.884883  
56  512  4.1708374  6.3767548  7.6196384  
57  596  16.158325  15.143738  22.145525  
58  518  10.202148  10.804901  14.86034  
59  574  17.561768  19.77893  26.450365  
60  551  -5.788391  15.614136  16.652529  
61  536  9.679138  -14.049011  17.060493  
62  586  -3.3033447  -13.278351  13.683081  
63  511  8.161682  13.472168  15.751583  
64  597  20.954987  12.620361  24.461908  
65  517  -7.75177  -10.49176  13.0448065  
66  574  23.575409  -0.6897888  23.585499  
67  554  -5.038971  -15.985107  16.760515  
68  532  11.2673645  3.7658691  11.880037  
69  588  10.139832  -3.663269  10.781267  
70  510  15.110168  9.563751  17.882463  
71  595  23.494904  -19.38617  30.46037  
72  520  -4.075836  -3.2582703  5.218119  
73  570  29.820282  -12.951599  32.511433  
74  553  10.883667  -36.85901  38.43229  
75  532  -25.324799  33.526245  42.01612  
76  588  -6.11499  -9.967407  11.6936865  
77  509  11.426453  46.444153  47.8291  
78  594  -17.579285  -4.33902  18.10686  
79  522  20.818237  -9.540497  22.90022  
80  567  7.9506836  -10.568268  13.2250395  
81  558  22.250427  -3.9048462  22.59047  
82  530  3.750122  14.208832  14.695384  
83  590  27.804443  -5.662628  28.375208  
84  509  -1.635376  10.563293  10.689136  
85  594  -3.7658997  9.560883  10.27582  
86  521  41.244904  -13.285828  43.33192  
87  564  2.1669006  -17.014008  17.15144  
88  562  11.278168  19.005219  22.099669  
89  526  34.150635  13.5989685  36.75864  
90  592  -5.379669  -4.4730225  6.99634  
91  508  -2.7459717  3.3804016  4.3551664  
92  594  -93.17862  -22.662231  95.8949  
93  524  -7.5221252  -10.003937  12.516434  
94  564  14.664093  -13.460907  19.905567  
95  561  -11.258301  14.705963  18.520655  
96  523  6.222595  -7.3127747  9.601946  
97  593  28.351501  10.917999  30.381084  
98  510  -25.626068  9.809143  27.439291  
99  591  -1.1040039  18.047699  18.081434  
100  530  23.82959  -3.2601013  24.051561  
101  557  11.948334  12.79129  17.503708  
102  566  -18.129303  -1.1916809  18.168427  
103  523  8.176941  -16.339874  18.271667  
104  595  18.783264  1.5081177  18.84371  
105  509  4.7980347  -17.022491  17.685768  
106  588  26.172882  6.449188  26.955738  
107  532  9.234131  27.791656  29.285582  
108  554  9.469696  -21.054718  23.08628  
109  569  15.496796  17.905243  23.680126  
110  521  -12.403778  -27.182373  29.878674  
111  595  6.583557  -2.934723  7.208039  
112  509  2.051056  25.122772  25.20636  
113  589  23.651764  9.210693  25.381939  
114  530  -2.754303  10.934479  11.276037  
115  552  -7.596985  1.5907898  7.761752  
116  571  -14.817841  -9.206116  17.444798  
117  518  21.803284  -20.84372  30.163618  
118  595  5.611389  -9.405487  10.9522085  
119  510  4.97818  14.702393  15.522326  
120  585  -12.561371  -4.7324524  13.423268  
121  536  0.79537964  16.385132  16.404425  
122  550  16.755035  17.087463  23.931416  
123  574  36.559937  -7.543457  37.330048  
124  518  -0.28948975  1.930542  1.9521263  
125  597  -28.793365  -17.851929  33.87845  
126  512  -8.554169  -13.663239  16.120108  
127  583  30.59195  58.19406  65.74509  
128  539  7.811249  9.442291  12.254488  
129  546  11.570587  -1.6202393  11.683478  
130  577  -10.112701  0.9828491  10.160351  
131  516  26.605133  13.08786  29.650045  
132  597  4.990082  9.850769  11.04258  
133  511  -24.280273  16.917816  29.592974  
134  584  -10.36676  -5.7822876  11.870323  
135  543  -10.382385  1.7750854  10.533036  
136  544  13.986359  -26.594543  30.048094  
137  580  -5.5274353  -1.7366333  5.7938275  
138  514  19.50644  -17.911987  26.482834  
139  597  15.876648  -4.908142  16.617996  
140  513  -28.427734  -18.933716  34.155846  
141  581  -7.2554626  7.495178  10.431656  
142  543  -1.9764099  5.8025513  6.12991  
143  544  9.106216  5.845276  10.820833  
144  583  11.189941  -3.6403198  11.767188  
145  512  25.138916  19.029541  31.52917  
146  596  28.992142  -0.76446533  29.00222  
147  514  23.129044  6.944092  24.148975  
148  578  15.195923  4.176941  15.759534  
149  545  1.5238953  -30.804626  30.842297  
150  541  -0.5542908  6.2661133  6.290581  
151  582  9.464905  2.265747  9.732319  
152  512  8.506805  -0.9869385  8.563865  
153  596  16.730087  -12.56958  20.925825  
154  515  18.096115  14.263428  23.041588  
155  576  -4.296036  -7.8009033  8.905617  
156  548  1.8528137  -10.301636  10.466929  
157  539  21.862473  -5.268799  22.488396  
158  584  -51.545868  -9.769409  52.463493  
159  511  -15.919098  -7.399475  17.55477  
160  597  -0.90623474  16.220398  16.245693  
161  516  20.42546  -14.22998  24.89361  
162  576  -7.7095337  6.086487  9.822536  
163  552  10.311188  17.217651  20.069082  
164  535  10.931686  -0.53570557  10.944805  
165  586  9.041779  11.061035  14.2863655  
166  510  -16.862015  5.159363  17.633677  
167  595  0.48262024  -13.979736  13.988065  
168  518  8.844833  -5.2041016  10.262249  
169  575  21.724442  16.87201  27.506655  
170  550  6.1484985  4.10968  7.395506  
171  536  -0.39814758  12.878235  12.884388  
172  585  0.67297363  5.9906616  6.028343  
173  509  -3.379509  -27.051636  27.261917  
174  596  -0.31306458  -9.830994  9.835977  
175  518  -43.71569  -99.31012  108.50604  
176  572  55.39624  57.253845  79.666466  
177  554  25.155403  37.759644  45.37163  
178  532  12.75322  15.0401  19.71926  
179  587  18.772072  -0.06121826  18.772171  
180  509  -8.433014  13.074158  15.557934  
181  596  29.50058  -0.42773438  29.503681  
182  518  -16.00792  -13.150696  20.717005  
183  568  20.57843  12.283325  23.96564  
184  558  5.7999344  -6.670532  8.839414  
185  530  26.43441  6.6187744  27.250435  
186  590  5.9223633  3.7271729  6.9975853  
187  508  26.042442  -5.7681274  26.673584  
188  594  -2.1289444  21.1026  21.209719  
189  521  11.417503  19.324158  22.445099  
190  569  0.5361366  7.9124756  7.930619  
191  555  32.78328  -29.44751  44.066986  
192  527  21.827991  -4.7266846  22.333893  
193  591  15.884377  4.7210693  16.571115  
194  509  14.139917  -14.507629  20.258543  
195  593  29.698446  12.705322  32.302055  
196  524  27.740755  -15.2404175  31.651537  
197  565  3.340208  -4.3987427  5.523217  
198  560  -2.185233  36.225525  36.291374  
199  527  19.492958  -1.3649292  19.540688  
200  592  27.834105  3.6228027  28.06888  
201  509  7.7368116  15.442566  17.272263  
202  591  2.0612955  19.772888  19.880041  
203  526  13.011076  -8.289185  15.427206  
204  561  28.662094  1.5767212  28.70543  
205  564  -11.06727  22.162659  24.772322  
206  524  12.455141  9.558105  15.699934  
207  593  -12.198444  21.833618  25.010176  
208  509  70.46449  -34.769226  78.57572  
209  591  -9.683685  46.41223  47.411697  
210  526  -10.260582  -8.328674  13.215384  
211  557  16.543793  7.8292847  18.302862  
212  567  25.532585  -3.1308594  25.723825  
213  522  21.77359  -2.3926392  21.904655  
214  594  5.850067  8.919312  10.666649  
215  509  25.78952  5.0356445  26.27655  
216  590  46.043358  -3.9956665  46.216404  
217  528  10.910744  31.911926  33.72559  
218  558  19.733093  14.927063  24.742922  
219  566  42.188385  -2.8145752  42.28217  
220  522  -8.933968  14.670837  17.176998  
221  595  3.7464066  9.212585  9.945214  
222  509  -2.5919418  -7.1712036  7.6252427  
223  588  3.0523224  3.6340332  4.7458267  
224  533  14.368309  19.35022  24.101437  
225  555  20.704567  9.685181  22.85786  
226  571  45.950294  -5.7460327  46.308167  
227  519  22.35344  34.50952  41.116703  
228  595  4.426285  9.4627075  10.446761  
229  509  10.111206  -3.3692017  10.657767  
230  588  -3.7945862  23.80371  24.104263  
231  536  34.698853  29.220032  45.36321  
232  551  28.452454  -1.3536377  28.484634  
233  574  23.687805  5.4068604  24.297043  
234  517  13.289291  1.7208862  13.400251  
235  596  20.892334  5.0075684  21.484072  
236  510  -1.9091034  -2.3895874  3.0585623  
237  585  29.339523  17.322449  34.071613  
238  536  7.066864  17.117859  18.519224  
239  551  9.625122  8.011719  12.523203  
240  576  5.2736816  -0.5839844  5.3059173  
241  516  11.145615  -57.368835  58.44149  
242  598  11.208191  -3.8267212  11.8434515  
243  511  28.724579  35.669556  45.797585  
244  584  14.368042  16.868958  22.158573  
245  539  8.829361  4.7279663  10.0155525  
246  547  32.20633  -1.0169067  32.222378  
247  576  4.279022  3.138733  5.3067575  
248  516  23.926651  18.2594  30.098011  
249  598  35.028595  -5.015381  35.385822  
250  513  14.747864  7.834961  16.699884  
251  580  11.0846405  3.7470093  11.700826  
252  541  29.196976  1.1405029  29.219242  
253  545  28.088974  -3.411316  28.295362  
254  578  40.05336  -14.617065  42.63719  
255  513  53.700333  8.418213  54.35616  
256  596  39.203262  -31.654236  50.387363  
257  511  61.607147  -38.966187  72.89584  
258  581  110.34689  -71.53345  131.50464  
259  540  -122.16275  146.78143  190.96735  
260  545  -30.420288  65.11987  71.87483  
261  579  1.5384827  23.809387  23.859041  
262  514  -0.9449768  37.168213  37.180225  
263  598  8.048798  22.40158  23.803654  
264  512  5.6308594  15.6918335  16.67154  
265  583  10.498077  40.50119  41.839645  
266  540  3.4231873  -0.111450195  3.4250011  
267  545  1.3187561  -11.627228  11.701776  
268  578  17.686493  31.697052  36.297592  
269  513  11.926514  7.5068054  14.092333  
270  598  18.072662  28.375458  33.64205  
271  513  22.738373  42.654755  48.33696  
272  579  9.358154  -11.734802  15.009352  
273  543  12.858765  16.444824  20.875347  
274  544  48.204865  45.805786  66.49721  
275  580  37.12451  27.418915  46.15221  
276  513  8.121246  15.839447  17.800076  
277  597  8.660126  4.3901978  9.709357  
278  513  43.049774  12.083893  44.713573  
279  578  5.635498  17.225739  18.124153  
280  547  38.545563  6.154236  39.033768  
281  540  14.5971985  8.122498  16.704884  
282  582  17.79541  6.794586  19.048439  
283  513  45.98529  25.73706  52.69766  
284  595  13.024445  18.554413  22.669416  
285  513  36.203125  5.9668884  36.69155  
286  579  66.080475  6.7063293  66.41991  
287  544  14.853119  10.349274  18.10311  
288  538  35.189056  18.334198  39.678867  
289  585  37.49884  13.567322  39.877754  
290  510  53.163177  3.537506  53.280743  
291  596  107.89984  34.809692  113.375885  
292  515  -37.959564  -1.720459  37.99853  
293  575  5.5724487  4.195923  6.9755254  
294  548  34.45044  20.845184  40.266045  
295  537  26.7565  26.7388  37.826893  
296  584  24.53833  24.555573  34.714634  
297  511  20.044067  30.66333  36.633377  
298  596  36.966644  34.010803  50.232136  
299  518  51.2377  29.907684  59.327663  
300  573  29.558624  2.6109009  29.67371  
301  552  39.362885  6.504242  39.89664  
302  534  33.5748  12.213501  35.727253  
303  586  37.753296  35.016907  51.492672  
304  510  46.61258  39.44818  61.06465  
305  596  77.739624  15.6909485  79.30735  
306  519  35.264526  -11.77475  37.178375  
307  572  13.523224  63.15555  64.58716  
308  556  33.330994  20.009735  38.876015  
309  531  50.1532  32.17755  59.58807  
310  588  28.568512  41.710236  50.555946  
311  509  70.45651  31.16446  77.04118  
312  594  57.982727  50.811676  77.09619  
313  521  68.31964  27.351624  73.59133  
314  569  62.099854  27.960724  68.10429  
315  556  53.06479  -17.324646  55.821278  
316  531  57.104248  23.093323  61.597054  
317  590  72.86322  35.37564  80.99682  
318  509  40.34854  20.397156  45.21116  
319  594  78.358826  52.820618  94.49933  
320  522  58.664154  30.911469  66.30989  
321  564  72.593445  0.23532104  72.59383  
322  560  91.86655  30.565643  96.81798  
323  528  96.88431  18.384796  98.613235  
324  590  132.00903  26.044464  134.55371  
325  509  45.678436  55.318756  71.740395  
326  594  98.43918  66.819275  118.97515  
327  526  153.19482  73.54263  169.93285  
328  563  91.5314  62.083923  110.600235  
329  563  112.58432  55.774384  125.642395  
330  525  168.79678  53.264557  177.00131  
331  593  172.80478  54.943848  181.32932  
332  508  174.29419  97.20862  199.56949  
333  592  219.40125  86.22128  235.73505  
334  525  181.86621  -18.527344  182.8075  
335  563  177.56775  247.07181  304.26105  
336  566  279.35413  220.06464  355.62222  
337  522  307.2481  174.35446  353.27167  
338  594  381.07758  331.2815  504.9431  
339  510  695.1586  288.88028  752.793  
340  591  870.97595  162.46841  885.9995  
341  530  1685.2096  605.73865  1790.7682  
342  558  -16203.708  -6125.7803  17322.97  
343  567  -1340.9375  -519.6916  1438.1212  
344  522  -623.3078  -433.6432  759.3149  
345  594  -643.2891  -307.93674  713.19415  
346  509  -497.0267  -73.44884  502.4244  
347  588  -355.89435  -73.76596  363.45868  
348  532  -368.8859  -46.882156  371.85312  
349  555  -334.63327  115.83913  354.11597  
350  570  -132.68683  -119.69214  178.69528  
351  521  -251.70438  -77.89247  263.48117  
352  595  -212.79483  -21.364319  213.86462  
353  510  -197.31796  -49.8974  203.52919  
354  589  -171.83981  -78.7843  189.03938  
355  532  -157.34363  -29.91362  160.16193  
356  551  -115.04089  -32.51657  119.54804  
357  572  -148.22531  -45.891144  155.16681  
358  518  -113.90799  -21.465012  115.9128  
359  596  -111.27774  -7.7746735  111.549  
360  509  -150.71487  -40.59549  156.08641  
361  587  -125.225525  -28.585144  128.44666  
362  534  -104.753235  -16.207916  105.9997  
363  553  -75.82001  -42.26567  86.804726  
364  572  -120.86899  -24.85173  123.39741  
365  515  -92.89444  5.5187073  93.05823  
366  596  -97.70169  -17.348923  99.230064  
367  510  -93.6293  -9.433212  94.1033  
368  585  -78.553375  -30.075409  84.11399  
369  536  -74.597626  -34.51689  82.196236  
370  549  -90.2337  -21.828476  92.83643  
371  575  -70.60895  -28.982956  76.32585  
372  517  -100.01138  -14.431229  101.0472  
373  597  -81.36203  2.1827393  81.391304  
374  510  -71.1792  53.43918  89.00688  
375  583  -39.409485  -228.98038  232.34698  
376  539  -41.378418  -48.200424  63.525227  
377  548  -72.426575  -23.643234  76.188  
378  577  -68.12305  -54.47615  87.22614  
379  514  -85.54898  -45.141106  96.72822  
380  596  -62.388  -13.608963  63.85504  
381  511  -60.901672  13.524788  62.385365  
382  583  -40.20221  5.2854843  40.54817  
383  539  -35.255005  -8.669983  36.305428  
384  545  -63.029602  -14.948616  64.77802  
385  580  -80.55487  -38.186226  89.14749  
386  513  -87.356445  -22.013866  90.08751  
387  596  -70.10828  -23.053139  73.8012  
388  513  -53.98358  -8.894299  54.711384  
389  582  -60.79193  2.2359467  60.83304  
390  542  -69.45276  -11.26012  70.35962  
391  544  -61.640076  7.880081  62.14173  
392  579  -89.50165  4.2576485  89.60286  
393  514  -60.622925  -50.040855  78.608055  
394  598  -48.035645  -15.29188  50.410957  
395  515  -69.785034  -7.0664635  70.1419  
396  579  -45.012024  12.744236  46.781384  
397  546  -34.190125  -17.317764  38.325836  
398  541  -54.375732  17.269714  57.052288  
399  581  -44.730408  0.32810855  44.73161  
400  511  -21.998657  -0.3582338  22.001574  
401  597  -44.466858  -1.1094065  44.480694  
402  515  -53.98358  -18.067068  56.926674  
403  578  -35.231384  15.219305  38.37809  
404  549  -45.189392  -13.426273  47.141766  
405  537  -69.2583  5.377331  69.46674  
406  584  -47.740173  13.884016  49.718105  
407  511  -61.463318  49.03691  78.627975  
408  597  -89.24487  -4.623165  89.36454  
409  517  -61.457275  -8.582603  62.05367  
410  575  -68.59631  10.864349  69.45134  
411  549  -62.54242  -4.9257812  62.736095  
412  539  -53.361572  8.507568  54.035507  
413  586  -69.86163  22.58067  73.42026  
414  511  -87.33588  21.267708  89.8881  
415  596  -81.08093  37.098854  89.16525  
416  519  -63.187622  14.371742  64.80141  
417  572  -35.106873  7.1320114  35.82399  
418  552  -40.59784  -5.9558945  41.03239  
419  535  -61.10022  -15.294609  62.98541  
420  587  -63.073486  12.110298  64.22557  
421  509  -85.23523  44.75006  96.26844  
422  595  -68.49823  52.95494  86.58079  
423  521  -72.538025  22.522743  75.95419  
424  569  -40.882874  46.418724  61.855537  
425  556  -39.442627  228.0682  231.45374  
426  530  -70.314545  -54.51789  88.97379  
427  589  -81.1994  -3.4056702  81.27079  
428  509  -99.95511  13.1927185  100.821976  
429  594  -71.350586  27.97409  76.63847  
430  520  -90.441376  20.393143  92.71204  
431  568  -74.683136  33.152817  81.71095  
432  560  -79.40134  29.050339  84.54877  
433  527  -94.46011  9.164719  94.90366  
434  591  -98.54324  14.651978  99.62656  
435  510  -93.74841  -7.267639  94.02969  
436  595  -120.6142  24.582153  123.09373  
437  523  -76.57471  41.74843  87.21592  
438  566  -106.08334  15.207352  107.16781  
439  559  -125.74475  27.59291  128.7366  
440  528  -151.70886  39.3546  156.73022  
441  590  -112.73871  6.613861  112.93255  
442  509  -114.26361  20.014618  116.003265  
443  592  -148.78888  44.474976  155.29376  
444  525  -115.41876  32.741394  119.97287  
445  563  -157.8848  29.63002  160.64105  
446  564  -171.99042  77.88338  188.80287  
447  526  -199.10648  49.089508  205.0687  
448  592  -212.65906  19.197296  213.52379  
449  508  -252.87396  77.00749  264.33954  
450  592  -133.36682  118.54785  178.4385  
451  526  -335.81543  -117.33699  355.72458  
452  559  -370.10532  45.861847  372.93597  
453  566  -357.02054  73.100174  364.42737  
454  524  -499.04236  72.24704  504.2449  
455  594  -646.6525  307.20068  715.9132  
456  508  -630.30115  433.02878  764.7179  
457  590  -1349.5728  518.7956  1445.8546  
458  528  -16208.888  6087.6465  17314.373  
459  560  1699.3865  -608.5092  1805.048  
460  565  877.19116  -164.55722  892.4928  
461  520  700.1531  -290.6409  758.0808  
462  594  385.04285  -332.29037  508.60092  
463  509  310.54657  -175.48254  356.69775  
464  589  280.13147  -221.96982  357.41327  
465  529  179.75671  -247.75931  306.0999  
466  557  185.05658  17.280975  185.8617  
467  568  222.78702  -86.763245  239.08559  
468  521  175.32193  -97.92859  200.8178  
469  594  173.35693  -56.064972  182.19743  
470  509  170.10873  -53.335632  178.27414  
471  587  114.31894  -56.10858  127.345955  
472  533  92.96866  -62.98517  112.2956  
473  553  155.0145  -73.73526  171.65775  
474  572  100.01764  -69.62894  121.86762  
475  519  47.372253  -56.369293  73.63171  
476  596  132.22226  -25.689667  134.6948  
477  510  98.82257  -18.98407  100.62949  
478  588  91.99249  -31.142975  97.12108  
479  532  76.19885  -1.1077576  76.2069  
480  549  59.027527  -31.740082  67.02001  
481  573  79.426056  -53.378387  95.69614  
482  517  40.57498  -21.452942  45.897255  
483  597  73.96402  -36.579865  82.51523  
484  511  58.584656  -24.899384  63.65643  
485  586  52.97296  16.567902  55.50342  
486  536  63.637543  -28.504303  69.729706  
487  551  69.23996  -27.079956  74.34713  
488  572  58.986298  -51.70169  78.437546  
489  520  71.98743  -32.37686  78.933205  
490  596  28.60382  -42.7836  51.464695  
491  511  51.315704  -32.909607  60.961823  
492  585  33.784943  -21.836578  40.227585  
493  537  14.306671  -63.02838  64.63171  
494  548  36.601807  9.779358  37.885723  
495  576  78.05133  -17.096313  79.90178  
496  516  46.950714  -40.826202  62.218555  
497  597  38.968628  -36.271027  53.236652  
498  510  34.913544  -11.269257  36.687214  
499  583  39.9086  -7.2921753  40.569347  
500  541  30.373077  -3.7837524  30.607851  
501  545  51.257843  -30.827087  59.813675  
502  577  40.51233  -37.126648  54.95122  
503  514  19.856873  -32.128235  37.769287  
504  598  25.09848  -25.551208  35.81617  
505  512  27.642548  -27.402924  38.923393  
506  582  35.983246  -22.08377  42.21951  
507  541  6.082367  -5.6360474  8.292178  
508  545  -36.66803  -0.11087036  36.668198  
509  582  107.9017  -34.850647  113.39023  
510  512  52.66754  -3.6150513  52.791462  
511  597  41.621674  -17.022034  44.967915  
512  514  35.721344  -19.623627  40.756607  
513  579  15.686615  -10.729279  19.004929  
514  545  66.87207  -7.414551  67.28187  
515  541  38.05371  -8.368652  38.96305  
516  581  14.561035  -18.78305  23.766083  
517  512  47.01718  -26.29303  53.869644  
518  597  18.853882  -7.704895  20.367481  
519  516  15.052582  -10.115143  18.1355  
520  577  37.101074  -3.2285156  37.241283  
521  548  6.5281982  -18.71457  19.820507  
522  538  44.119293  -12.618042  45.888203  
523  584  8.527924  -7.7959595  11.554327  
524  511  8.288025  -17.363495  19.240122  
525  595  38.372894  -30.06305  48.746956  
526  515  49.275116  -46.17798  67.53105  
527  576  14.008057  -16.98471  22.01604  
528  552  9.7187805  11.15802  14.797166  
529  535  25.444763  -43.066803  50.02185  
530  586  17.442535  -27.176727  32.29267  
531  509  12.662506  -8.964294  15.514433  
532  595  19.565826  -32.465454  37.905506  
533  517  1.6418762  10.381348  10.510382  
534  574  3.4410706  -1.0706177  3.603774  
535  550  11.267487  -40.993103  42.51342  
536  536  6.1145325  -16.438843  17.539186  
537  586  8.980438  -23.508575  25.16548  
538  509  -0.21633911  -38.574738  38.575344  
539  595  2.280548  -25.071777  25.175283  
540  520  -25.239838  -65.26465  69.97517  
541  570  -120.375336  -147.48926  190.37674  
542  555  111.41046  70.739746  131.97122  
543  532  63.043  38.712585  73.98029  
544  588  40.218735  30.653015  50.56831  
545  510  54.332138  -10.437317  55.32557  
546  596  40.56288  13.193237  42.65453  
547  519  26.973648  3.6397095  27.218103  
548  567  29.91455  -2.9103394  30.05579  
549  559  12.779312  -5.091919  13.756397  
550  529  15.239838  -9.32782  17.867872  
551  590  35.301178  4.1851196  35.548397  
552  510  24.198547  -19.245117  30.918348  
553  594  4.3794403  -3.7566528  5.7699165  
554  522  33.299072  0.07470703  33.299156  
555  567  9.747208  -5.2424927  11.067601  
556  558  16.018555  -17.604248  23.801338  
557  526  31.396393  -35.78064  47.60239  
558  592  13.117584  2.336914  13.3241205  
559  509  11.622665  56.755554  57.933403  
560  594  6.0763245  -0.6397705  6.109912  
561  525  11.235733  -9.148804  14.489386  
562  564  7.4716034  -16.117188  17.764812  
563  561  29.43254  -19.836365  35.49304  
564  526  -1.4487457  2.750122  3.1083815  
565  591  21.851715  -5.677063  22.577124  
566  509  14.200104  -2.4898682  14.41674  
567  592  24.822815  -6.6474  25.697472  
568  527  29.822266  0.3574829  29.82441  
569  561  37.91687  -31.237854  49.12731  
570  566  -1.0496216  -24.307068  24.32972  
571  523  11.479095  2.3702393  11.721249  
572  593  5.162895  -10.24762  11.47472  
573  508  23.319954  -35.697083  42.63921  
574  591  45.838295  5.5442505  46.17237  
575  526  21.356041  -9.951843  23.560976  
576  558  15.752579  -20.977417  26.233486  
577  568  3.9824677  -4.497925  6.00761  
578  521  -3.0340729  5.887146  6.622997  
579  594  4.8413315  -10.253174  11.338697  
580  509  -7.501747  -15.406738  17.136038  
581  591  44.15606  2.2908325  44.215443  
582  529  19.494331  -14.325378  24.191847  
583  558  13.434174  -32.52643  35.191555  
584  566  47.424286  3.1773071  47.5306  
585  524  25.816902  -5.201111  26.335604  
586  595  6.5499725  -9.640259  11.6549015  
587  510  22.206104  1.4385986  22.252655  
588  589  25.88676  1.4519043  25.927444  
589  531  17.547497  -8.747742  19.60708  
590  555  -9.548389  8.03009  12.476141  
591  570  -8.8355255  -48.139465  48.943584  
592  522  71.49196  33.789124  79.07468  
593  595  -13.960642  -23.253845  27.1227  
594  508  13.418142  -10.163391  16.832737  
595  589  -10.114258  -23.778992  25.84064  
596  535  29.951569  -2.1549072  30.028986  
597  552  13.42305  7.222168  15.242637  
598  571  2.782651  -21.822144  21.998842  
599  519  3.9902413  -9.151611  9.983687  
600  595  29.464298  -5.071106  29.897509  
601  510  20.647964  1.2331543  20.684755  
602  587  -1.1448317  -36.138367  36.156498  
603  532  5.8465137  1.7884521  6.113942  
604  554  29.407928  14.033997  32.584953  
605  574  30.632952  -13.512146  33.48068  
606  515  15.618349  13.845276  20.87162  
607  596  15.621597  -5.656433  16.614138  
608  511  22.882915  3.8222656  23.199947  
609  585  33.87765  28.50647  44.275436  
610  537  1.6026268  -9.069092  9.209606  
611  550  12.467518  -19.848999  23.439747  
612  575  -0.05422592  -22.868896  22.868961  
613  516  27.792233  5.1049805  28.257195  
614  595  6.280884  -4.27063  7.5952473  
615  512  24.166245  -6.571289  25.043745  
616  583  7.654152  5.9937134  9.721658  
617  540  23.034744  -12.186462  26.059727  
618  546  -13.734955  11.806702  18.112072  
619  578  30.116867  -0.5192871  30.121344  
620  514  -6.277809  -14.1588745  15.488209  
621  597  20.673386  -0.960083  20.695667  
622  512  14.2660675  -15.78949  21.279772  
623  583  27.27584  -38.986023  47.580265  
624  543  56.75756  -58.01477  81.16116  
625  543  -42.116524  98.49341  107.12027  
626  580  1.2950745  9.050232  9.142424  
627  513  0.026283264  19.25238  19.252398  
628  597  1.5948334  -7.147766  7.3235273  
629  514  1.7042999  -13.224243  13.333612  
630  581  7.8097076  -5.6066895  9.61387  
631  544  22.751785  -18.039001  29.03531  
632  543  9.604004  3.1500854  10.107419  
633  581  2.1103363  13.494446  13.658463  
634  512  -15.49588  -6.2646484  16.714308  
635  597  10.080032  -12.378845  15.9637985  
636  516  12.344742  -0.9086304  12.378137  
637  577  11.78653  -17.899963  21.432009  
638  547  -5.7701416  -7.626587  9.563439  
639  539  21.452637  13.51709  25.356012  
640  582  1.7263031  -16.479248  16.569422  
641  512  -15.060364  6.7177124  16.490671  
642  597  -49.71263  9.55188  50.621975  
643  515  23.31932  2.975769  23.508423  
644  574  3.7753906  9.520691  10.24193  
645  550  -2.7543335  5.956299  6.5623055  
646  536  20.261642  -15.238342  25.35234  
647  584  18.291916  11.082703  21.38739  
648  512  10.660156  -0.6939087  10.682716  
649  596  11.0347595  -3.1078491  11.464059  
650  516  1.7844696  -7.367798  7.5808163  
651  575  4.2731934  29.017517  29.330471  
652  549  17.007492  -5.2800903  17.80826  
653  533  25.022293  -8.219116  26.337599  
654  588  30.695602  0.90283203  30.708878  
655  510  26.744156  -22.221436  34.771282  
656  595  13.06282  2.8967896  13.380159  
657  519  10.390198  -6.776184  12.404551  
658  572  0.0317688  -7.069458  7.0695295  
659  553  -5.037567  -8.352295  9.753867  
660  533  -26.653046  18.266907  32.31199  
661  587  18.521759  4.227295  18.998041  
662  510  20.547882  16.935608  26.627623  
663  595  -3.2166748  0.9830322  3.3635323  
664  521  15.032227  25.922974  29.96612  
665  568  -7.669586  -2.7210693  8.137983  
666  556  -8.907745  3.852417  9.705104  
667  529  -22.382599  -17.282104  28.278116  
668  589  9.225494  -12.0555725  15.180467  
669  508  29.746033  -16.515503  34.02335  
670  594  -8.21283  -3.7233276  9.017413  
671  521  13.738739  0.1234436  13.739294  
672  570  9.722137  -10.987152  14.670974  
673  559  31.946625  -59.6362  67.65399  
674  529  -6.1179504  12.850922  14.232902  
675  590  -27.58783  16.301422  32.044106  
676  509  1.2315979  -5.4074707  5.5459514  
677  594  41.054626  6.423889  41.554165  
678  523  18.445496  -18.382385  26.041283  
679  567  2.9204712  -17.522339  17.764051  
680  558  -9.227661  3.8554077  10.000694  
681  529  5.40448  -17.15799  17.989025  
682  592  7.625885  8.894684  11.716208  
683  509  23.50055  20.05774  30.89642  
684  593  -12.131226  8.888824  15.03921  
685  525  -4.8111877  -3.0688171  5.7065897  
686  563  -1.1175537  -14.156158  14.200203  
687  562  25.816833  -10.104401  27.723778  
688  525  5.281067  -25.26233  25.808426  
689  592  9.128418  1.456665  9.243911  
690  509  -10.756073  25.528229  27.701689  
691  594  18.200531  -18.357147  25.85042  
692  528  11.393982  20.816895  23.731117  
693  560  13.220764  -28.210968  31.155214  
694  565  28.880768  -6.590454  29.62318  
695  524  8.070374  15.949524  17.875072  
696  593  22.80484  -0.7770386  22.818073  
697  510  10.538849  15.07608  18.394444  
698  590  -16.536102  -0.8595886  16.55843  
699  528  15.126343  -13.968384  20.589367  
700  561  26.81363  2.0325928  26.890558  
701  570  1.6575928  -18.981018  19.053259  
702  521  -23.365082  -10.5469055  25.635216  
703  594  31.010132  -11.016663  32.90889  
704  509  9.239563  6.1984863  11.126129  
705  590  -7.0559998  -16.411102  17.86369  
706  530  17.584137  12.847504  21.777517  
707  558  -4.934967  9.237122  10.472741  
708  568  -90.902374  21.348938  93.37569  
709  522  -1.4953918  -4.523407  4.7641797  
710  595  -2.6820679  3.9771729  4.797019  
711  510  38.100983  -16.149384  41.382214  
712  588  14.005127  -20.036835  24.446232  
713  532  6.4696045  13.922028  15.351828  
714  555  43.50354  13.360107  45.508797  
715  570  -9.184814  -10.130127  13.674073  
716  519  2.2938538  -12.629578  12.836199  
717  594  31.607513  3.7894287  31.83386  
718  510  6.9877625  -15.67569  17.162636  
719  588  26.046234  3.2984009  26.254251  
720  531  11.922485  8.813477  14.82643  
721  551  24.380646  9.61026  26.206354  
722  572  -13.978851  3.1594849  14.331456  
723  517  15.183594  -48.552673  50.87144  
724  595  0.14141846  11.73056  11.731413  
725  510  -20.946106  -33.06076  39.13762  
726  588  14.885773  35.772186  38.74578  
727  534  32.941772  12.333801  35.175034  
728  552  -0.7779846  2.9819946  3.0818098  
729  573  29.168762  21.90506  36.478054  
730  516  18.914825  -10.610992  21.687872  
731  597  14.344788  2.41333  14.546377  
732  512  16.45111  -6.332733  17.627892  
733  585  -0.44433594  13.376709  13.384087  
734  538  27.428558  -0.31604004  27.430378  
735  549  -3.8707886  9.0336  9.827967  
736  575  25.292511  -13.996857  28.907146  
737  516  13.120026  -14.169647  19.31098  
738  596  0.27020264  12.419464  12.422403  
739  510  14.298706  14.155243  20.120235  
740  582  -1.5784912  -16.343018  16.419071  
741  541  23.003937  -20.509033  30.81885  
742  545  15.028198  -10.76532  18.48618  
743  578  21.049255  -16.104782  26.503494  
744  515  8.532898  -6.502762  10.728292  
745  596  10.39978  -4.344635  11.270816  
746  511  6.545227  -2.8343048  7.1325507  
747  582  -2.7094727  -0.19868469  2.7167475  
748  541  23.88153  -1.2237244  23.912863  
749  542  20.289734  -8.520782  22.006296  
750  581  -8.385559  -0.36117554  8.393333  
751  513  20.141174  -8.338715  21.799107  
752  596  2.1587524  -14.353851  14.515277  
753  514  9.403931  -19.127121  21.313862  
754  579  28.470764  0.23951721  28.471771  
755  545  25.67871  -10.539764  27.757572  
756  543  13.128967  -10.430191  16.767786  
757  580  3.039795  21.053833  21.272146  
758  512  -16.974487  -28.728378  33.368443  
759  596  6.572937  21.039429  22.042255  
760  516  3.5720825  -2.700943  4.4782662  
761  576  37.13098  -23.619446  44.006683  
762  549  8.806335  -33.455658  34.59527  
763  538  18.099548  7.3751526  19.544476  
764  584  9.025513  -18.207855  20.322054  
765  510  11.65741  -16.62764  20.306984  
766  597  20.307129  -17.089111  26.54086  
767  516  20.802185  27.060791  34.13235  
768  576  5.864319  13.361908  14.592149  
769  551  9.800537  14.227371  17.276245  
770  535  4.443054  23.55194  23.967365  
771  587  20.930603  -4.463501  21.401237  
772  511  6.8988037  -19.441383  20.629128  
773  596  22.898926  3.7404861  23.202414  
774  518  35.20398  2.3243103  35.28063  
775  573  33.177734  11.516502  35.11968  
776  552  60.952393  5.665413  61.215122  
777  533  60.08313  -35.873756  69.97791  
778  590  5.0059814  20.320435  20.927969  
779  510  2.1655273  6.100769  6.4737077  
780  595  20.54663  -12.446159  24.0223  
781  521  15.596619  5.318863  16.478617  
782  568  32.11371  12.606422  34.49945  
783  556  18.86914  -2.2057877  18.997631  
784  531  34.339478  -26.76567  43.538498  
785  589  20.779053  2.1367645  20.888628  
786  509  45.66394  -2.7243729  45.74514  
787  594  23.890625  15.800838  28.643122  
788  523  18.59674  6.9788513  19.86311  
789  565  17.56958  -24.589539  30.221443  
790  560  51.655212  -22.029972  56.15675  
791  527  13.15387  -77.7133  78.818665  
792  593  44.93219  17.812988  48.334297  
793  508  50.286255  10.675766  51.406998  
794  594  76.00391  7.758087  76.398834  
795  523  61.712402  -0.5197048  61.714592  
796  566  85.87402  -3.6926365  85.953384  
797  563  86.96637  8.395939  87.37071  
798  525  154.66913  -2.768783  154.69391  
799  592  290.81494  -17.58097  291.3459  
