n v(n)    Re(T)       Im(T)        Mod(T) 
   
0  509  442271.0  0.0  442271.0  
1  512  108.85803  -4.9474525  108.970406  
2  516  86.41559  -32.084553  92.179565  
3  525  69.63611  -8.205885  70.11793  
4  533  63.993652  -24.686201  68.59006  
5  543  54.686768  -6.5193233  55.073986  
6  554  103.54901  21.298536  105.71672  
7  564  102.3421  -12.297592  103.0783  
8  574  72.46307  2.2059708  72.49664  
9  583  83.95508  14.439903  85.18783  
10  594  82.25958  -32.571804  88.47351  
11  596  79.09149  6.432228  79.352615  
12  596  79.298096  10.538811  79.99534  
13  595  87.32013  -33.341816  93.46915  
14  591  90.56964  -27.787415  94.73648  
15  584  76.39429  5.534298  76.59449  
16  576  148.76254  -8.949547  149.03151  
17  566  94.7348  -10.864075  95.355705  
18  556  167.02414  -19.913322  168.20703  
19  538  189.49866  -12.4433975  189.90677  
20  529  215.72888  -20.804901  216.72977  
21  522  117.77615  65.57668  134.80179  
22  515  149.52316  -51.79059  158.23856  
23  510  117.30405  -40.960373  124.24971  
24  509  232.59045  9.294983  232.77611  
25  510  269.2373  70.020164  278.19336  
26  514  -107.38022  46.55545  117.038124  
27  518  179.3681  -99.71928  205.2239  
28  526  287.4729  -114.25209  309.34482  
29  542  359.84668  -208.65657  415.96536  
30  554  224.71298  -38.11312  227.92221  
31  563  823.7208  292.054  873.9631  
32  573  1997.0935  -233.70628  2010.7216  
33  582  -17100.291  2486.4353  17280.113  
34  589  -1688.7496  249.82991  1707.1293  
35  594  -802.4966  550.0385  972.9045  
36  597  -217.72452  162.69415  271.79654  
37  597  -336.06165  -44.266953  338.9646  
38  595  -253.01392  -13.899292  253.39542  
39  583  -215.21951  -52.989517  221.64685  
40  576  119.4234  -37.46884  125.163345  
41  567  -127.58356  110.28696  168.64394  
42  556  -138.88638  90.21698  165.61562  
43  546  -95.51163  -27.514954  99.39589  
44  536  -114.773224  35.3105  120.08216  
45  526  -15.090637  114.08458  115.078316  
46  520  -152.99341  47.414978  160.17229  
47  513  -106.60199  82.766235  134.96013  
48  509  -60.15277  112.81847  127.85289  
49  510  -21.26587  104.02533  106.17677  
50  514  -17.218262  374.22913  374.62503  
51  519  -129.87027  -180.99265  222.76585  
52  527  -79.19171  -83.72032  115.24071  
53  536  -82.67264  -36.977142  90.5653  
54  547  -59.31662  6.3679047  59.65745  
55  557  -56.907745  -48.483704  74.76069  
56  568  -40.774445  -39.375076  56.682907  
57  578  -65.021515  32.460327  72.67372  
58  590  -31.09259  -18.567001  36.214397  
59  594  -53.28665  -5.3672943  53.556282  
60  598  -68.78  62.28981  92.79391  
61  596  -26.80954  15.116425  30.777552  
62  593  -34.152557  -2.1933746  34.22292  
63  588  -44.456757  -14.411865  46.73441  
64  580  -43.356262  -10.901642  44.70583  
65  571  -62.784515  -5.0171204  62.984653  
66  562  -26.670105  -33.025726  42.44989  
67  545  -36.120636  22.923615  42.780746  
68  534  -24.457642  -20.93628  32.194782  
69  524  -17.118774  8.417786  19.076466  
70  518  7.5762024  12.513702  14.628451  
71  511  -5.3029785  -15.620728  16.496325  
72  509  -34.50348  -8.118744  35.44579  
73  507  -19.01654  22.72647  29.633112  
74  511  -39.031982  -35.430603  52.714546  
75  517  -62.554016  -13.420502  63.977455  
76  523  -10.927948  20.119324  22.895573  
77  540  -30.056946  -15.783478  33.94905  
78  550  -28.98413  7.5907288  29.961624  
79  561  -23.030792  -5.316681  23.636507  
80  571  -32.43918  2.3821716  32.526527  
81  579  -16.695526  10.003754  19.463188  
82  587  -13.785553  33.69626  36.407135  
83  593  -23.131989  -43.857697  49.584133  
84  596  -28.935883  15.112579  32.644684  
85  597  -31.05899  10.150696  32.67564  
86  596  -35.549683  -12.844818  37.799065  
87  586  -27.152313  -21.555206  34.668068  
88  580  -29.5766  6.288391  30.237709  
89  570  -11.793915  17.230072  20.879938  
90  560  -41.17044  -27.048431  49.260765  
91  550  -23.264862  12.248352  26.292126  
92  539  -14.463684  6.5727844  15.887091  
93  529  -1.9732056  -3.1566467  3.7226279  
94  520  -21.104858  -3.3248596  21.365152  
95  516  -11.048706  -6.262665  12.7001915  
96  509  -30.232635  -10.237762  31.919024  
97  509  -38.82898  -11.050018  40.37069  
98  510  -31.347412  -29.088837  42.764713  
99  517  -17.015778  18.782837  25.344263  
100  526  -38.85663  -32.557037  50.69318  
101  534  31.675812  30.85556  44.22016  
102  543  23.409668  11.417999  26.045792  
103  555  -3.0135193  14.9418335  15.242693  
104  565  -13.542236  12.403351  18.363968  
105  575  -20.959198  -5.321289  21.624157  
106  588  -14.746124  -6.4398193  16.090975  
107  593  -9.639954  3.7959595  10.360406  
108  595  -22.193481  -26.366028  34.463284  
109  596  -26.438263  0.90670776  26.453806  
110  594  1.1054688  -3.5096436  3.6796277  
111  591  -14.604095  -29.068054  32.530468  
112  583  -22.943329  -26.421417  34.99268  
113  575  -29.316895  -31.265137  42.86011  
114  566  -58.72513  -0.040802002  58.725143  
115  548  -31.601257  -35.28354  47.366314  
116  539  -249.57031  -406.85483  477.30093  
117  529  70.79828  88.56369  113.383965  
118  520  -15.696869  18.336456  24.137466  
119  514  15.870544  53.78363  56.076317  
120  510  11.906403  21.60376  24.667486  
121  508  8.430939  24.627075  26.030245  
122  511  -20.92926  34.136597  40.041744  
123  513  6.749298  13.085632  14.723681  
124  521  -2.0453796  2.5639038  3.2798142  
125  536  -26.328033  24.583527  36.021038  
126  546  2.675293  -1.3105774  2.9790611  
127  555  -14.146271  46.40863  48.51678  
128  566  -6.3391113  2.4099731  6.7817626  
129  576  0.20126343  19.325836  19.326883  
130  585  -21.86853  22.739075  31.548346  
131  592  -26.562408  14.14444  30.093632  
132  594  -31.814056  44.473236  54.68092  
133  597  -88.85007  59.73645  107.06436  
134  595  129.99225  -97.61902  162.56525  
135  589  36.035294  -25.928497  44.394024  
136  583  19.983383  -29.354736  35.51107  
137  573  9.455307  -24.218353  25.998682  
138  563  17.349014  7.374695  18.851377  
139  553  -10.151627  0.5324707  10.165582  
140  542  6.329193  10.199188  12.003421  
141  532  -22.192978  19.378937  29.46305  
142  524  14.165604  1.6706848  14.263783  
143  516  15.279205  -8.76889  17.616684  
144  510  14.806793  33.578064  36.697784  
145  510  -31.285233  -2.8589783  31.415594  
146  511  -8.544571  8.812073  12.274458  
147  515  -0.9379883  -2.6695862  2.8295782  
148  521  5.281357  4.85437  7.173398  
149  529  22.765152  -1.6558228  22.82529  
150  540  -0.127182  27.53247  27.532764  
151  549  24.95021  -10.690796  27.144173  
152  561  -5.9566803  -6.692169  8.959194  
153  572  6.711792  28.763153  29.535862  
154  584  -3.300293  -19.51056  19.78772  
155  592  -8.601624  -22.112213  23.726313  
156  595  -13.586685  3.1418152  13.945214  
157  597  19.852127  6.655182  20.937965  
158  595  12.862869  6.052002  14.215488  
159  591  20.493408  17.545074  26.977943  
160  586  17.112534  -19.96054  26.29186  
161  578  3.3558044  -16.018677  16.366411  
162  568  -6.2077026  -11.004242  12.634434  
163  552  -19.389023  -6.885132  20.575209  
164  541  6.9406586  4.805176  8.441709  
165  532  0.030212402  27.236847  27.236864  
166  522  19.388077  -26.5383  32.866077  
167  516  -30.90564  22.245972  38.079414  
168  511  -35.48294  -14.43338  38.306156  
169  509  14.659416  18.131653  23.316418  
170  509  -13.855652  -19.01706  23.529295  
171  512  -16.467972  9.209747  18.86832  
172  518  -0.1097641  -16.10913  16.109505  
173  532  6.681717  17.039612  18.302834  
174  540  -28.8797  -24.834991  38.08955  
175  552  9.460114  -16.419373  18.949657  
176  562  15.378395  12.777466  19.993965  
177  571  15.91423  3.6324463  16.323523  
178  581  -23.002846  -0.19967651  23.003712  
179  589  7.538666  4.1507263  8.605813  
180  593  5.160515  -8.387604  9.847985  
181  597  6.5331726  16.28128  17.54316  
182  596  -24.737991  38.30127  45.595566  
183  590  -6.4307327  12.14032  13.738329  
184  585  18.84372  73.27496  75.65914  
185  576  -12.198349  -2.970459  12.554813  
186  567  -24.746952  -40.17462  47.184868  
187  556  -1.3580742  -1.173706  1.7949796  
188  547  -2.0873375  -7.7020874  7.9799204  
189  535  -1.6768074  -17.77832  17.857222  
190  526  7.377098  5.137268  8.989611  
191  518  15.215813  -0.7996216  15.236809  
192  511  21.113823  -20.500793  29.42917  
193  508  8.368254  -36.233032  37.18683  
194  510  24.602678  -11.109131  26.99453  
195  515  8.847811  -29.611145  30.90475  
196  519  -0.3215971  -45.5083  45.509438  
197  526  -0.950593  -32.664978  32.678806  
198  536  23.76336  -29.609497  37.96603  
199  545  92.33936  -126.72705  156.8002  
200  556  -93.22639  95.5686  133.5085  
201  567  3.1143227  29.212158  29.377699  
202  582  -38.864655  51.93219  64.864586  
203  589  -20.428007  37.93228  43.08319  
204  594  -7.364668  3.7660522  8.2717285  
205  596  -15.632965  8.179871  17.643692  
206  597  -18.898764  25.964844  32.114426  
207  594  -11.858164  -8.814453  14.775338  
208  590  1.5482101  41.431488  41.460403  
209  582  4.436512  24.653503  25.049507  
210  574  10.739254  24.353455  26.616205  
211  556  -6.5657845  10.387451  12.288558  
212  546  -24.702286  21.899048  33.011684  
213  537  -10.089359  37.676025  39.003567  
214  526  2.746479  0.6876831  2.8312638  
215  518  -14.98283  9.521179  17.752129  
216  513  0.18122864  3.0768433  3.082176  
217  510  131.7215  97.39923  163.82053  
218  510  -0.97533417  11.238892  11.281133  
219  509  -2.5361786  -2.5235596  3.5777862  
220  514  -4.085663  10.431244  11.202834  
221  525  -14.226227  34.38321  37.210087  
222  534  -6.2202225  3.4497375  7.112795  
223  544  -4.232567  18.72992  19.2022  
224  555  11.52787  36.184937  37.976852  
225  565  4.2779465  15.08783  15.682584  
226  575  14.281944  -10.077515  17.479424  
227  583  -9.006699  15.309448  17.762314  
228  590  -20.108818  14.276855  24.661573  
229  594  14.710602  11.165619  18.468157  
230  597  -13.721909  11.1111145  17.656376  
231  595  0.4180298  14.4104  14.416462  
232  591  6.3764954  46.03427  46.473797  
233  584  -24.179947  -3.2871094  24.402355  
234  576  22.80426  22.329315  31.916025  
235  566  -40.816925  -20.190277  45.53755  
236  555  -12.007996  10.213623  15.764201  
237  544  4.909424  -4.2342834  6.483178  
238  534  -1.2664185  6.3934937  6.5177126  
239  525  -15.854248  0.38076782  15.85882  
240  514  6.294342  9.778992  11.629593  
241  510  -14.347916  -1.8981323  14.472926  
242  508  -4.2757416  -11.172974  11.963164  
243  510  3.5417633  -28.009949  28.232983  
244  513  -14.648514  -7.208893  16.32627  
245  519  -16.670105  -10.924744  19.93094  
246  527  -2.3357697  22.082184  22.205374  
247  536  -2.5866852  -19.893799  20.06126  
248  547  -0.56015015  -22.134705  22.141792  
249  557  6.3733063  21.262909  22.19753  
250  576  -30.04393  -29.211914  41.90434  
251  583  -2.1298065  0.52471924  2.1934917  
252  589  -8.263321  32.52484  33.558125  
253  594  0.043670654  -13.124817  13.124889  
254  596  -25.966568  16.405518  30.714878  
255  596  27.519394  -16.483093  32.078175  
256  593  8.638763  -13.321777  15.877594  
257  588  -8.32309  18.755493  20.519318  
258  581  -16.046494  -5.6827393  17.023027  
259  573  -5.016983  18.978485  19.63041  
260  560  1.3581696  1.1258545  1.7641351  
261  549  -29.309387  -5.684784  29.855602  
262  539  8.92868  2.8302612  9.366521  
263  530  4.911087  24.058167  24.55431  
264  521  -17.196411  -2.4693909  17.372808  
265  515  -51.07872  7.241577  51.589497  
266  511  -7.1510925  -2.8213806  7.6875424  
267  509  -64.91217  29.116394  71.143196  
268  509  35.852966  -1.0397339  35.86804  
269  516  16.05429  -35.32318  38.800354  
270  524  18.53366  19.775543  27.102928  
271  533  -2.5348206  1.2668762  2.8337767  
272  542  5.7463684  -17.865387  18.7668  
273  553  -3.944458  -1.4721069  4.2102075  
274  563  8.176086  5.3403625  9.765647  
275  573  16.745056  -9.921478  19.463623  
276  582  14.669983  18.274475  23.434267  
277  589  -19.354767  14.446289  24.151651  
278  593  24.667755  2.673584  24.81222  
279  596  4.4541016  -4.595886  6.400093  
280  595  3.0178528  -7.112549  7.726305  
281  590  17.719421  22.763977  28.847471  
282  584  51.68564  4.304138  51.864544  
283  576  -150.87985  -25.810455  153.07158  
284  565  -55.808807  -41.036194  69.27187  
285  556  -75.72772  4.665436  75.8713  
286  545  -38.269196  30.604492  49.001698  
287  534  -0.14813232  4.4707336  4.473187  
288  520  -11.902405  -9.977966  15.531486  
289  513  15.14035  6.1580505  16.344778  
290  510  -11.526764  -5.0049744  12.566465  
291  509  -15.560394  8.365936  17.666769  
292  510  -10.353027  3.710266  10.997784  
293  514  -14.11026  18.140442  22.98206  
294  519  -8.409027  -0.97546387  8.465416  
295  528  12.508209  -22.032959  25.335876  
296  536  -1.3924255  11.476013  11.560179  
297  547  4.497101  -15.544647  16.182089  
298  565  -4.814209  17.80368  18.443092  
299  575  -20.590118  24.197235  31.771986  
300  582  -7.6310425  91.292114  91.6105  
301  590  5.0586243  -55.70117  55.930405  
302  594  -11.420105  -4.0191345  12.106702  
303  596  -16.575165  -21.716034  27.3189  
304  597  0.25091553  -4.9741516  4.980476  
305  594  -4.357788  -9.512085  10.462795  
306  587  -1.3739624  -3.973877  4.2046967  
307  581  -34.461914  12.485779  36.654034  
308  563  -3.676178  9.346588  10.043555  
309  553  9.126068  -7.097992  11.561428  
310  542  17.495483  2.86203  17.728033  
311  534  2.4515076  4.391968  5.029838  
312  524  -24.363007  0.042541504  24.363045  
313  518  -19.702057  -17.277954  26.204937  
314  513  -5.682556  -1.4403687  5.862261  
315  509  -19.93338  22.201721  29.837158  
316  508  10.673187  -25.40387  27.554918  
317  513  -35.569153  -13.164246  37.927063  
318  519  1.1455688  -61.411957  61.42264  
319  527  14.815796  -4.43219  15.464543  
320  536  24.396729  -29.55365  38.32256  
321  547  -5.063324  -17.55658  18.27213  
322  557  -16.115204  -7.714203  17.866413  
323  566  -9.654755  -12.198425  15.556859  
324  576  1.585083  -33.250122  33.287884  
325  584  -14.085968  -10.496857  17.56697  
326  592  -6.2010803  -11.8585205  13.382  
327  597  -14.330414  -15.480804  21.095404  
328  596  -25.321686  6.5149536  26.146364  
329  594  1.5522766  -34.09259  34.12791  
330  589  16.968811  5.9480896  17.98111  
331  582  28.571777  -10.956726  30.600594  
332  573  1.0437622  -18.987946  19.016611  
333  564  22.094177  -48.010254  52.850136  
334  553  3.4733582  23.895569  24.146687  
335  543  -22.340393  13.6827545  26.197536  
336  527  18.990723  -5.6515503  19.813824  
337  519  -2.0872803  -16.127487  16.262  
338  514  -24.54358  13.304794  27.917822  
339  510  -14.335419  -12.804153  19.221096  
340  509  -8.324036  -5.938492  10.225226  
341  510  -10.374451  8.418335  13.360299  
342  514  19.453339  -3.0365143  19.6889  
343  520  -7.556122  15.524246  17.265491  
344  527  -4.582428  2.051361  5.0206304  
345  538  -7.8469543  5.02977  9.320583  
346  555  -9.190277  -21.785034  23.644215  
347  564  -21.376648  -17.918976  27.893562  
348  575  -29.138702  -20.79422  35.797535  
349  584  -14.863525  -9.514603  17.648005  
350  590  -41.703827  -22.920425  47.58734  
351  594  39.176697  49.014862  62.747673  
352  596  20.039886  21.499695  29.391052  
353  596  10.733887  12.188782  16.241388  
354  594  -5.554535  21.9693  22.660604  
355  588  -2.6331787  -13.036011  13.2992935  
356  575  -19.526794  -29.334625  35.23941  
357  566  6.581909  -15.565811  16.900177  
358  555  2.5730286  -12.260681  12.52776  
359  544  1.4279785  6.4446106  6.600919  
360  534  -15.64151  14.336273  21.217577  
361  526  24.141174  15.044708  28.44538  
362  517  -1.1307678  3.1816406  3.3766067  
363  512  0.74954224  -6.1186066  6.1643457  
364  508  -34.023834  26.4178  43.075764  
365  509  -5.6667175  1.4626312  5.852433  
366  513  -37.01062  -120.25116  125.81783  
367  520  -13.75708  3.631668  14.228361  
368  528  -14.713867  -35.538017  38.4636  
369  537  -6.8016357  15.078217  16.541307  
370  549  -14.792084  7.397156  16.538551  
371  558  -4.318054  -17.20433  17.737942  
372  568  9.258026  11.606453  14.846575  
373  578  -4.8386536  5.3840256  7.2388053  
374  585  -4.0730896  -16.727463  17.216215  
375  595  10.432465  -22.139977  24.474781  
376  598  -10.845764  -9.591705  14.478654  
377  597  -1.6573486  17.79731  17.874311  
378  593  5.1670227  14.141159  15.05558  
379  588  -16.116974  6.5560684  17.399393  
380  579  -3.5645142  -11.955078  12.475162  
381  570  9.156921  -16.102554  18.524078  
382  561  -23.062836  16.774757  28.518185  
383  551  -37.85965  14.291359  40.46722  
384  532  40.062622  -4.5066566  40.315304  
385  523  -11.685638  16.208996  19.982134  
386  517  8.133667  -19.093933  20.754152  
387  512  18.685547  12.637577  22.557882  
388  510  21.423218  18.712685  28.445015  
389  509  -7.5420837  -9.895477  12.442005  
390  511  -25.384949  -12.420635  28.260712  
391  515  0.4880371  -1.7192802  1.7872058  
392  523  -9.420807  32.73082  34.059628  
393  532  -9.862244  3.1825733  10.363041  
394  549  -18.293427  -11.895004  21.820646  
395  560  -18.290344  28.57319  33.925858  
396  570  2.8015137  17.63961  17.860693  
397  580  2.8494263  -36.630383  36.741043  
398  586  11.188477  11.361647  15.945815  
399  592  55.180603  11.203728  56.306503  
400  596  7.0012207  -0.5135933  7.0200334  
401  597  55.49579  -11.983784  56.774937  
402  596  11.525696  -12.208499  16.789553  
403  591  1.7528687  34.45421  34.498768  
404  578  2.6629639  -18.412899  18.604467  
405  570  -17.646301  -30.271002  35.038914  
406  560  -17.88501  10.341017  20.659386  
407  549  -10.5477295  -4.2505054  11.371957  
408  538  -8.990356  -33.030693  34.23234  
409  529  0.6262207  0.9225311  1.114996  
410  522  -24.406372  12.135067  27.25676  
411  515  -9.181702  7.2371674  11.691032  
412  511  22.17566  -19.1283  29.285692  
413  508  19.086487  -13.107025  23.153576  
414  511  8.263123  18.34805  20.122875  
415  518  -12.050293  -17.377777  21.147026  
416  525  39.899536  4.0428696  40.10384  
417  533  -37.639465  -15.9388275  40.875122  
418  543  -23.287811  -17.554863  29.163254  
419  553  9.063782  14.303619  16.933567  
420  564  -4.102997  10.362648  11.14536  
421  575  -15.59903  -7.01593  17.104181  
422  582  5.010071  -15.659088  16.441042  
423  594  -1.5982666  -18.937698  19.005022  
424  596  -9.972778  7.769562  12.642088  
425  596  11.055115  21.237701  23.942755  
426  596  -3.1419983  15.8544235  16.162762  
427  589  -4.446045  -6.663826  8.01086  
428  583  9.572418  -12.779572  15.967112  
429  575  -4.9453125  16.249352  16.985214  
430  565  -14.861938  -8.8428955  17.293756  
431  554  -6.6030884  -16.328857  17.613415  
432  536  -15.376404  34.505463  37.77646  
433  527  -14.267639  -3.9776459  14.811725  
434  520  -37.729797  117.541245  123.448296  
435  513  -6.261841  -3.3245392  7.0896554  
436  509  -33.287354  -26.747955  42.70247  
437  509  0.43075562  5.5254517  5.542217  
438  511  -1.914856  -4.1431885  4.5642834  
439  514  24.175537  -15.922699  28.948038  
440  521  -16.036926  -15.511871  22.311459  
441  528  0.48339844  -7.496826  7.512395  
442  544  2.7720032  10.816162  11.165723  
443  556  6.696228  14.184601  15.685738  
444  566  -19.246704  29.384445  35.126644  
445  576  -2.512024  12.646454  12.893528  
446  584  -4.712219  -22.894852  23.374758  
447  590  9.903992  -12.8385315  16.214714  
448  595  21.122559  -23.561844  31.643686  
449  597  39.108704  -49.62526  63.183517  
450  597  -41.168304  21.697968  46.536343  
451  592  -15.078186  8.340286  17.231136  
452  583  -28.850067  19.943924  35.072586  
453  575  -20.69757  17.10408  26.850307  
454  565  -8.819855  20.399902  22.224894  
455  554  -7.7753906  -5.876068  9.746018  
456  544  -6.4515076  -3.0374756  7.1307926  
457  535  -7.0079346  -16.825333  18.226437  
458  527  23.183777  -0.7882843  23.197174  
459  518  -10.110352  -9.902267  14.151823  
460  512  -8.330811  4.4465027  9.443188  
461  509  -13.684113  11.28923  17.739832  
462  509  -23.995392  -14.06395  27.813189  
463  513  -1.3912048  15.24025  15.303617  
464  519  17.331848  3.8990326  17.765005  
465  527  -22.149261  -14.271973  26.349174  
466  535  5.178894  -25.15741  25.68494  
467  544  23.87259  47.386505  53.060165  
468  556  0.72488403  18.241089  18.255486  
469  566  28.006256  9.822052  29.678665  
470  576  17.086792  -5.9599  18.096378  
471  589  2.262268  33.760742  33.836452  
472  594  -24.82492  -7.324005  25.882769  
473  596  -13.549316  15.160156  20.332592  
474  597  -5.5588074  9.089233  10.654319  
475  595  -13.381287  9.431671  16.371172  
476  589  0.8513489  33.39627  33.40712  
477  583  -8.451263  11.543518  14.306525  
478  574  -16.750336  7.061798  18.178083  
479  564  -2.1088867  16.582642  16.716202  
480  546  24.014984  28.835327  37.525932  
481  536  15.281982  3.8799438  15.76683  
482  527  0.61694336  60.366333  60.369488  
483  520  -35.20468  11.876678  37.15407  
484  514  11.577698  23.525452  26.22003  
485  510  -20.45459  -23.072754  30.834108  
486  509  -4.5901184  0.8873596  4.6751037  
487  510  -19.394623  17.493835  26.118685  
488  514  -23.70755  -0.98443604  23.72798  
489  521  3.539795  -5.6409607  6.6596236  
490  535  17.152771  -3.815094  17.571924  
491  546  9.774261  6.3128357  11.635638  
492  556  -3.693695  -11.214813  11.80743  
493  565  -34.22107  -12.431793  36.409214  
494  576  -0.42004395  1.9992371  2.0428865  
495  583  -4.3827515  8.110474  9.218909  
496  591  0.29129028  3.609192  3.6209276  
497  595  -15.750885  20.327606  25.715792  
498  597  -10.453278  4.922455  11.554288  
499  596  5.157501  54.877625  55.11945  
500  589  -7.0248413  -92.46759  92.73405  
501  582  -20.951202  -25.152924  32.735645  
502  573  -1.6160889  -20.935974  20.998257  
503  564  3.8674316  14.206604  14.723608  
504  553  -1.0811462  -12.423584  12.470538  
505  541  12.971924  21.36911  24.998194  
506  532  -7.2418213  -0.40066528  7.252897  
507  524  -13.888367  -19.552643  23.983173  
508  516  -9.4843445  -5.4164124  10.92201  
509  510  -16.063385  -8.559784  18.20171  
510  510  -12.286652  4.8580627  13.2122135  
511  510  18.979126  -9.584869  21.2621  
512  516  -11.743622  8.700745  14.615595  
513  523  0.254364  -4.8861694  4.8927855  
514  531  -37.76947  -31.64621  49.274895  
515  540  -74.135376  -7.204468  74.48462  
516  552  -54.665283  40.744324  68.17912  
517  561  -150.07271  24.833893  152.11359  
518  571  52.639008  -5.1354065  52.888916  
519  584  17.985321  -24.721588  30.571697  
520  591  1.2633057  9.987366  10.066947  
521  596  5.1443176  3.1941223  6.05528  
522  597  25.51889  -3.1697388  25.714994  
523  595  -19.594727  -17.94754  26.57193  
524  591  14.574921  -19.71228  24.515348  
525  585  17.711761  7.325012  19.166697  
526  579  8.906189  -5.7335205  10.592142  
527  570  -3.0115356  0.9750366  3.1654453  
528  551  5.8933716  17.504547  18.470003  
529  540  -0.18203735  -1.618927  1.6291293  
530  530  17.584473  -18.516144  25.53549  
531  523  16.483917  33.92801  37.72041  
532  515  37.361816  0.29049683  37.362946  
533  511  -64.756165  -30.514618  71.58563  
534  509  -7.353195  1.7099915  7.5494075  
535  509  -50.60324  -7.849365  51.208405  
536  512  -16.915878  1.6695862  16.998072  
537  517  5.7502594  -25.101593  25.751804  
538  531  9.356476  -4.17749  10.24671  
539  541  -28.856506  4.432312  29.19492  
540  551  6.2460938  -1.1842346  6.3573656  
541  562  -3.956421  -19.570557  19.96647  
542  573  -15.096466  4.5970764  15.780888  
543  581  -6.9277496  -19.187988  20.400309  
544  589  9.458725  12.328827  15.539223  
545  594  27.668793  14.267548  31.130772  
546  597  -25.64885  -17.925598  31.29202  
547  596  -1.2500305  13.343872  13.402295  
548  592  -7.6708527  -34.3443  35.19052  
549  584  -0.49435425  -1.8752136  1.9392813  
550  577  -29.800003  27.71054  40.69293  
551  566  6.549637  -22.092102  23.042542  
552  556  -0.8280945  21.185669  21.201847  
553  548  -2.7092896  19.28006  19.469488  
554  536  -1.3728943  -23.130157  23.170866  
555  527  -16.019257  10.463989  19.134045  
556  520  -13.0763855  6.478607  14.593293  
557  511  5.938263  27.79132  28.418663  
558  508  -2.5112152  9.491211  9.817804  
559  510  -13.986359  1.2403564  14.04125  
560  513  6.913513  -10.989319  12.983135  
561  518  -14.44429  -1.5353394  14.52566  
562  525  -1.1344452  -5.3504944  5.4694386  
563  534  4.939163  1.6754456  5.2155967  
564  544  -11.756805  -9.86969  15.35035  
565  556  -40.110123  19.408875  44.559246  
566  565  23.644089  -23.021149  33.000244  
567  581  -23.147308  2.0314636  23.23628  
568  588  7.7013474  -47.10251  47.727947  
569  594  3.5132828  -16.45102  16.821985  
570  596  -11.174393  -11.624817  16.124622  
571  597  15.946579  -12.178741  20.065271  
572  595  -19.53666  -15.084442  24.682411  
573  591  -8.205261  -16.650238  18.56224  
574  584  13.968109  9.831543  17.081198  
575  575  4.8276443  -15.400879  16.139803  
576  559  12.783363  -37.858765  39.958733  
577  549  -3.471199  -19.419647  19.727442  
578  538  -6.729225  -4.6973877  8.206578  
579  528  -13.287384  -35.449097  37.857536  
580  520  -2.7938004  -11.089172  11.435692  
581  517  -0.6836319  1.9556885  2.071731  
582  511  -1.2891312  -10.7578125  10.834777  
583  509  134.19357  -97.72485  166.00621  
584  509  1.1688995  -3.91687  4.087566  
585  513  -15.152397  -9.845978  18.070374  
586  523  3.4251404  -1.4628906  3.7244644  
587  533  -9.75806  -38.69403  39.905487  
588  541  -24.472519  -23.627289  34.016953  
589  553  -5.7121315  -11.385162  12.737754  
590  562  11.185108  -24.885437  27.28354  
591  572  5.047554  -26.328308  26.807789  
592  580  2.6004887  -42.482697  42.562214  
593  588  -13.994295  7.399475  15.830114  
594  593  -18.099586  -26.576172  32.15413  
595  596  -14.876724  -9.802673  17.815985  
596  596  -6.148204  -4.4577026  7.594177  
597  591  -20.00445  -39.066406  43.890343  
598  585  -38.29369  -53.909943  66.126305  
599  578  -0.7028291  -22.781128  22.791967  
600  569  -91.51273  -97.13211  133.45122  
601  559  93.21774  126.94891  157.49785  
602  547  24.501644  29.753113  38.5432  
603  537  1.3711462  30.047424  30.078693  
604  528  0.945446  44.10205  44.112183  
605  516  9.470833  28.821655  30.33784  
606  511  25.890886  10.63031  27.98824  
607  508  7.8910427  35.253113  36.125484  
608  509  21.945774  19.728638  29.509933  
609  513  16.189934  -0.20245361  16.1912  
610  518  8.283501  -6.2225647  10.360343  
611  525  -0.8730202  17.28302  17.305056  
612  534  -0.19787598  5.8320312  5.835387  
613  544  0.19036484  0.36444092  0.41116413  
614  556  -24.60846  39.541687  46.573826  
615  572  -14.582706  2.8347778  14.855682  
616  581  20.721458  -74.00549  76.85175  
617  589  -4.0695267  -12.111694  12.777097  
618  593  -22.48407  -39.65149  45.582607  
619  596  7.013565  -17.239044  18.611145  
620  596  7.099968  7.389557  10.247687  
621  593  9.320885  -5.1464844  10.647309  
622  589  -21.62783  -0.5324402  21.634384  
623  580  17.732994  -4.8631287  18.387743  
624  567  16.441399  -13.676971  21.386425  
625  554  11.028427  15.697266  19.184116  
626  544  -27.50035  24.07959  36.552647  
627  534  9.963394  -24.797455  26.724203  
628  525  0.6455612  15.076935  15.090749  
629  517  -14.554161  -9.523712  17.393238  
630  513  -12.365593  17.460724  21.395906  
631  509  15.627541  -19.105804  24.683027  
632  511  -34.89969  12.281372  36.997574  
633  512  -29.312622  -22.779541  37.123272  
634  521  20.591888  25.520813  32.792343  
635  530  0.90940857  -28.583069  28.597532  
636  539  8.346436  -6.220154  10.409289  
637  551  -18.076767  6.160614  19.097713  
638  560  -4.4228516  9.486938  10.467264  
639  570  4.2647247  15.267944  15.852382  
640  579  19.77156  19.85968  28.023588  
641  587  21.219254  -18.184937  27.945457  
642  592  14.539871  -6.1517944  15.78773  
643  597  21.125458  -8.927277  22.934282  
644  595  -11.825363  -3.8760986  12.44441  
645  593  -7.2699127  20.343964  21.603899  
646  585  -1.4705658  18.491089  18.549473  
647  578  8.167694  -30.247467  31.330824  
648  569  -3.9932098  5.0599976  6.4458747  
649  559  26.328293  9.893097  28.125652  
650  549  2.1291351  -28.59262  28.671783  
651  538  25.319489  -0.124938965  25.319798  
652  529  6.8922424  -5.922821  9.087508  
653  517  0.68704224  1.3400574  1.5059153  
654  511  -6.9914856  -8.795044  11.235376  
655  510  -29.879898  -0.45126343  29.883305  
656  508  16.563934  -34.223145  38.02088  
657  512  16.478012  7.9309998  18.287308  
658  516  16.032211  -2.9441528  16.3003  
659  524  -20.12793  -20.24945  28.551249  
660  533  7.918579  -10.75293  13.354003  
661  541  -7.704239  -1.2041626  7.7977757  
662  553  18.259155  -8.5035095  20.142155  
663  570  11.50856  23.515076  26.180256  
664  579  20.897736  28.947876  35.70287  
665  587  38.38365  24.962738  45.78693  
666  593  130.91486  95.941284  162.3066  
667  595  -87.306244  -60.259094  106.0827  
668  597  -27.76831  -46.726166  54.35452  
669  595  -23.714325  -17.604645  29.534601  
670  591  -20.199738  -25.595459  32.606087  
671  585  2.3370667  -20.685028  20.816635  
672  577  -4.7336426  -3.9256592  6.149648  
673  562  -13.072479  -47.97229  49.721527  
674  551  4.9470825  0.4638672  4.9687824  
675  541  -25.163727  -25.964508  36.15756  
676  531  -0.7367859  -6.0118103  6.0567913  
677  523  10.991577  -14.171875  17.934793  
678  517  -19.484772  -35.655487  40.63213  
679  511  10.334839  -25.67514  27.677097  
680  508  15.002747  -22.390594  26.952202  
681  510  16.076569  -56.12079  58.37807  
682  515  -13.981445  -18.776733  23.410393  
683  521  72.2216  -88.89963  114.53866  
684  530  -248.07324  406.23563  475.9913  
685  539  -28.921783  33.662598  44.380627  
686  549  -57.42154  -3.2373352  57.512722  
687  560  -27.501434  30.185272  40.83478  
688  570  -20.133514  26.139618  32.994514  
689  580  -12.228607  27.501251  30.09747  
690  587  2.6092834  1.8905029  3.2221673  
691  592  -23.892242  -1.3577576  23.93079  
692  597  -20.593048  26.089203  33.23733  
693  596  -6.0006104  -4.1607056  7.301972  
694  592  -12.298187  6.229828  13.786086  
695  587  -18.004333  4.2576294  18.500904  
696  579  -9.801025  -11.806671  15.344627  
697  571  -0.83950806  -16.262878  16.284533  
698  561  24.927399  -13.205505  28.209229  
699  550  34.680176  -31.90915  47.126514  
700  541  -36.171356  31.152222  47.737072  
701  524  -14.433655  -19.79065  24.494902  
702  517  -29.342957  28.246277  40.729122  
703  512  -36.535828  10.83548  38.108715  
704  510  -27.701965  8.994171  29.125486  
705  509  -7.1165466  4.43808  8.387001  
706  512  -18.382996  2.6240845  18.56934  
707  516  0.41314697  2.327301  2.363688  
708  523  -12.3302  -7.8319397  14.607297  
709  531  -22.348541  -13.450836  26.084139  
710  540  -39.07837  26.616547  47.281704  
711  559  -8.243408  -19.837769  21.482338  
712  569  -27.11966  -7.280426  28.079895  
713  579  -23.160492  18.229126  29.473877  
714  586  -33.589294  12.761963  35.931995  
715  592  -36.79425  -10.794312  38.344936  
716  596  -25.321045  -17.249054  30.63797  
717  596  -19.706879  41.795166  46.20819  
718  596  -10.807922  -35.276093  36.89463  
719  592  -13.134155  -10.780975  16.992218  
720  586  -28.822662  -4.287964  29.13988  
721  570  -19.77002  5.2755127  20.461786  
722  561  -25.608002  -8.701202  27.0459  
723  550  -26.720612  13.56427  29.966324  
724  539  -4.9337463  -18.386627  19.037067  
725  530  -58.592438  13.842621  60.205414  
726  521  -35.421356  34.200928  49.237953  
727  515  -16.207245  -23.516235  28.560253  
728  511  -31.677124  7.683777  32.595715  
729  509  0.054595947  18.161682  18.161764  
730  512  10.944733  -13.499481  17.378813  
731  516  -13.325043  -9.706146  16.485329  
732  523  -19.824188  18.259644  26.952051  
733  531  -31.886475  -25.624298  40.906624  
734  540  -23.283356  31.863937  39.464226  
735  551  -59.511932  3.4151917  59.609844  
736  562  -39.585632  9.316238  40.66712  
737  572  -40.197662  13.635635  42.44741  
738  582  -31.054901  1.1589661  31.076519  
739  588  -22.641235  -15.121475  27.226542  
740  596  -65.03818  -62.994186  90.54409  
741  596  -48.541107  4.416794  48.741634  
742  596  -26.850159  18.414413  32.557976  
743  590  -60.51535  -33.83516  69.33199  
744  584  -37.23932  39.113388  54.00578  
745  576  -52.354645  46.69905  70.15562  
746  566  -53.927917  -8.309616  54.564365  
747  555  -78.08444  33.73848  85.06154  
748  544  -74.85516  81.913284  110.964325  
749  528  -124.992065  179.84679  219.01572  
750  520  -11.291931  -375.80304  375.97263  
751  514  -15.286957  -104.47862  105.591064  
752  509  -53.386047  -116.36757  128.02922  
753  509  -98.14734  -87.78633  131.67892  
754  511  -147.71692  -49.088074  155.65965  
755  515  -6.0296326  -116.92792  117.083275  
756  521  -111.2146  -35.13951  116.63393  
757  528  -89.729004  26.317886  93.50896  
758  539  -133.28699  -90.44281  161.07552  
759  557  -121.80252  -112.31404  165.6813  
760  568  123.722565  36.422073  128.97224  
761  576  -210.03802  51.49565  216.25858  
762  585  -247.62646  13.047394  247.96996  
763  590  -331.2264  42.638916  333.9596  
764  596  -213.99896  -165.18698  270.33737  
765  597  -800.2543  -553.3393  972.9292  
766  596  -1689.9362  -256.12323  1709.2347  
767  592  -17083.316  -2520.5002  17268.256  
768  587  2017.8458  238.41788  2031.8821  
769  573  838.2101  -290.05182  886.9759  
770  562  237.33493  38.499336  240.43724  
771  553  371.37924  209.38937  426.34076  
772  541  299.19904  114.82153  320.47473  
773  532  190.98355  99.14093  215.1828  
774  523  -95.49313  -48.79679  107.23836  
775  516  279.20355  -67.135315  287.1616  
776  512  247.12302  -11.323029  247.3823  
777  509  129.80347  40.48153  135.96945  
778  510  163.47253  51.150887  171.2883  
779  514  133.11081  -66.06923  148.60562  
780  520  232.67368  22.766182  233.78482  
781  530  205.65088  9.735626  205.8812  
782  537  183.82224  19.322144  184.83495  
783  548  113.23535  10.721344  113.74178  
784  559  167.50458  8.66729  167.72867  
785  570  96.83594  -5.7641144  97.00734  
786  578  111.83899  26.935387  115.03684  
787  586  110.266846  32.824635  115.048836  
788  596  102.72803  -10.578442  103.27125  
789  596  105.17767  -8.686104  105.535736  
790  595  110.47565  31.43982  114.86222  
791  593  115.41614  -14.007439  116.26303  
792  588  108.1225  -2.8110485  108.159035  
793  581  145.57556  12.197662  146.08568  
794  571  150.2392  -22.466858  151.90976  
795  562  109.39783  5.3854084  109.530304  
796  552  132.33722  24.219234  134.53517  
797  534  160.86151  7.121516  161.01907  
798  525  222.19836  31.586615  224.43224  
799  518  378.50494  4.7215147  378.5344  
