 Waveform Sampling 
 
 Durata: 12325
 Numero di punti 500
 Tempo di campionamento (in microsecondi 24.65
 
0 , 2581 , 2.96 , 0.00
1 , 2562 , 2.94 , 24.65
2 , 2554 , 2.93 , 49.30
3 , 2540 , 2.92 , 73.95
4 , 2532 , 2.91 , 98.60
5 , 2522 , 2.89 , 123.25
6 , 2508 , 2.88 , 147.90
7 , 2488 , 2.86 , 172.55
8 , 2465 , 2.83 , 197.20
9 , 2445 , 2.81 , 221.85
10 , 2437 , 2.80 , 246.50
11 , 2413 , 2.77 , 271.15
12 , 2394 , 2.75 , 295.80
13 , 2368 , 2.72 , 320.45
14 , 2348 , 2.69 , 345.10
15 , 2333 , 2.68 , 369.75
16 , 2306 , 2.65 , 394.40
17 , 2285 , 2.62 , 419.05
18 , 2266 , 2.60 , 443.70
19 , 2248 , 2.58 , 468.35
20 , 2220 , 2.55 , 493.00
21 , 2191 , 2.51 , 517.65
22 , 2167 , 2.49 , 542.30
23 , 2147 , 2.46 , 566.95
24 , 2121 , 2.43 , 591.60
25 , 2093 , 2.40 , 616.25
26 , 2072 , 2.38 , 640.90
27 , 2053 , 2.36 , 665.55
28 , 2019 , 2.32 , 690.20
29 , 2004 , 2.30 , 714.85
30 , 1980 , 2.27 , 739.50
31 , 1964 , 2.25 , 764.15
32 , 1936 , 2.22 , 788.80
33 , 1905 , 2.19 , 813.45
34 , 1891 , 2.17 , 838.10
35 , 1870 , 2.15 , 862.75
36 , 1853 , 2.13 , 887.40
37 , 1836 , 2.11 , 912.05
38 , 1817 , 2.09 , 936.70
39 , 1799 , 2.06 , 961.35
40 , 1780 , 2.04 , 986.00
41 , 1770 , 2.03 , 1010.65
42 , 1754 , 2.01 , 1035.30
43 , 1730 , 1.99 , 1059.95
44 , 1717 , 1.97 , 1084.60
45 , 1700 , 1.95 , 1109.25
46 , 1684 , 1.93 , 1133.90
47 , 1674 , 1.92 , 1158.55
48 , 1668 , 1.91 , 1183.20
49 , 1655 , 1.90 , 1207.85
50 , 1650 , 1.89 , 1232.50
51 , 1646 , 1.89 , 1257.15
52 , 1647 , 1.89 , 1281.80
53 , 1640 , 1.88 , 1306.45
54 , 1637 , 1.88 , 1331.10
55 , 1627 , 1.87 , 1355.75
56 , 1635 , 1.88 , 1380.40
57 , 1632 , 1.87 , 1405.05
58 , 1636 , 1.88 , 1429.70
59 , 1635 , 1.88 , 1454.35
60 , 1641 , 1.88 , 1479.00
61 , 1639 , 1.88 , 1503.65
62 , 1648 , 1.89 , 1528.30
63 , 1658 , 1.90 , 1552.95
64 , 1656 , 1.90 , 1577.60
65 , 1667 , 1.91 , 1602.25
66 , 1681 , 1.93 , 1626.90
67 , 1689 , 1.94 , 1651.55
68 , 1696 , 1.95 , 1676.20
69 , 1723 , 1.98 , 1700.85
70 , 1737 , 1.99 , 1725.50
71 , 1751 , 2.01 , 1750.15
72 , 1773 , 2.03 , 1774.80
73 , 1782 , 2.05 , 1799.45
74 , 1806 , 2.07 , 1824.10
75 , 1819 , 2.09 , 1848.75
76 , 1839 , 2.11 , 1873.40
77 , 1854 , 2.13 , 1898.05
78 , 1873 , 2.15 , 1922.70
79 , 1894 , 2.17 , 1947.35
80 , 1911 , 2.19 , 1972.00
81 , 1937 , 2.22 , 1996.65
82 , 1964 , 2.25 , 2021.30
83 , 1986 , 2.28 , 2045.95
84 , 2006 , 2.30 , 2070.60
85 , 2034 , 2.33 , 2095.25
86 , 2055 , 2.36 , 2119.90
87 , 2088 , 2.40 , 2144.55
88 , 2102 , 2.41 , 2169.20
89 , 2125 , 2.44 , 2193.85
90 , 2152 , 2.47 , 2218.50
91 , 2176 , 2.50 , 2243.15
92 , 2206 , 2.53 , 2267.80
93 , 2226 , 2.55 , 2292.45
94 , 2257 , 2.59 , 2317.10
95 , 2272 , 2.61 , 2341.75
96 , 2295 , 2.63 , 2366.40
97 , 2330 , 2.67 , 2391.05
98 , 2352 , 2.70 , 2415.70
99 , 2379 , 2.73 , 2440.35
100 , 2398 , 2.75 , 2465.00
101 , 2421 , 2.78 , 2489.65
102 , 2447 , 2.81 , 2514.30
103 , 2467 , 2.83 , 2538.95
104 , 2487 , 2.85 , 2563.60
105 , 2504 , 2.87 , 2588.25
106 , 2532 , 2.91 , 2612.90
107 , 2542 , 2.92 , 2637.55
108 , 2557 , 2.93 , 2662.20
109 , 2578 , 2.96 , 2686.85
110 , 2588 , 2.97 , 2711.50
111 , 2606 , 2.99 , 2736.15
112 , 2617 , 3.00 , 2760.80
113 , 2637 , 3.03 , 2785.45
114 , 2651 , 3.04 , 2810.10
115 , 2655 , 3.05 , 2834.75
116 , 2672 , 3.07 , 2859.40
117 , 2680 , 3.08 , 2884.05
118 , 2686 , 3.08 , 2908.70
119 , 2694 , 3.09 , 2933.35
120 , 2696 , 3.09 , 2958.00
121 , 2699 , 3.10 , 2982.65
122 , 2705 , 3.10 , 3007.30
123 , 2703 , 3.10 , 3031.95
124 , 2709 , 3.11 , 3056.60
125 , 2707 , 3.11 , 3081.25
126 , 2710 , 3.11 , 3105.90
127 , 2698 , 3.10 , 3130.55
128 , 2699 , 3.10 , 3155.20
129 , 2701 , 3.10 , 3179.85
130 , 2690 , 3.09 , 3204.50
131 , 2685 , 3.08 , 3229.15
132 , 2669 , 3.06 , 3253.80
133 , 2669 , 3.06 , 3278.45
134 , 2660 , 3.05 , 3303.10
135 , 2652 , 3.04 , 3327.75
136 , 2637 , 3.03 , 3352.40
137 , 2627 , 3.02 , 3377.05
138 , 2613 , 3.00 , 3401.70
139 , 2603 , 2.99 , 3426.35
140 , 2584 , 2.97 , 3451.00
141 , 2569 , 2.95 , 3475.65
142 , 2551 , 2.93 , 3500.30
143 , 2534 , 2.91 , 3524.95
144 , 2508 , 2.88 , 3549.60
145 , 2490 , 2.86 , 3574.25
146 , 2474 , 2.84 , 3598.90
147 , 2446 , 2.81 , 3623.55
148 , 2431 , 2.79 , 3648.20
149 , 2404 , 2.76 , 3672.85
150 , 2383 , 2.74 , 3697.50
151 , 2360 , 2.71 , 3722.15
152 , 2339 , 2.68 , 3746.80
153 , 2320 , 2.66 , 3771.45
154 , 2292 , 2.63 , 3796.10
155 , 2270 , 2.61 , 3820.75
156 , 2245 , 2.58 , 3845.40
157 , 2219 , 2.55 , 3870.05
158 , 2193 , 2.52 , 3894.70
159 , 2176 , 2.50 , 3919.35
160 , 2150 , 2.47 , 3944.00
161 , 2122 , 2.44 , 3968.65
162 , 2099 , 2.41 , 3993.30
163 , 2078 , 2.39 , 4017.95
164 , 2061 , 2.37 , 4042.60
165 , 2034 , 2.33 , 4067.25
166 , 2010 , 2.31 , 4091.90
167 , 1981 , 2.27 , 4116.55
168 , 1962 , 2.25 , 4141.20
169 , 1947 , 2.23 , 4165.85
170 , 1920 , 2.20 , 4190.50
171 , 1901 , 2.18 , 4215.15
172 , 1885 , 2.16 , 4239.80
173 , 1868 , 2.14 , 4264.45
174 , 1845 , 2.12 , 4289.10
175 , 1829 , 2.10 , 4313.75
176 , 1808 , 2.08 , 4338.40
177 , 1794 , 2.06 , 4363.05
178 , 1786 , 2.05 , 4387.70
179 , 1772 , 2.03 , 4412.35
180 , 1755 , 2.01 , 4437.00
181 , 1741 , 2.00 , 4461.65
182 , 1729 , 1.98 , 4486.30
183 , 1721 , 1.98 , 4510.95
184 , 1715 , 1.97 , 4535.60
185 , 1701 , 1.95 , 4560.25
186 , 1695 , 1.95 , 4584.90
187 , 1690 , 1.94 , 4609.55
188 , 1682 , 1.93 , 4634.20
189 , 1676 , 1.92 , 4658.85
190 , 1680 , 1.93 , 4683.50
191 , 1678 , 1.93 , 4708.15
192 , 1676 , 1.92 , 4732.80
193 , 1678 , 1.93 , 4757.45
194 , 1679 , 1.93 , 4782.10
195 , 1683 , 1.93 , 4806.75
196 , 1685 , 1.93 , 4831.40
197 , 1695 , 1.95 , 4856.05
198 , 1696 , 1.95 , 4880.70
199 , 1705 , 1.96 , 4905.35
200 , 1718 , 1.97 , 4930.00
201 , 1728 , 1.98 , 4954.65
202 , 1735 , 1.99 , 4979.30
203 , 1743 , 2.00 , 5003.95
204 , 1758 , 2.02 , 5028.60
205 , 1778 , 2.04 , 5053.25
206 , 1793 , 2.06 , 5077.90
207 , 1803 , 2.07 , 5102.55
208 , 1821 , 2.09 , 5127.20
209 , 1837 , 2.11 , 5151.85
210 , 1857 , 2.13 , 5176.50
211 , 1872 , 2.15 , 5201.15
212 , 1893 , 2.17 , 5225.80
213 , 1918 , 2.20 , 5250.45
214 , 1932 , 2.22 , 5275.10
215 , 1951 , 2.24 , 5299.75
216 , 1976 , 2.27 , 5324.40
217 , 2001 , 2.30 , 5349.05
218 , 2020 , 2.32 , 5373.70
219 , 2047 , 2.35 , 5398.35
220 , 2064 , 2.37 , 5423.00
221 , 2090 , 2.40 , 5447.65
222 , 2114 , 2.43 , 5472.30
223 , 2140 , 2.46 , 5496.95
224 , 2166 , 2.49 , 5521.60
225 , 2189 , 2.51 , 5546.25
226 , 2214 , 2.54 , 5570.90
227 , 2236 , 2.57 , 5595.55
228 , 2264 , 2.60 , 5620.20
229 , 2282 , 2.62 , 5644.85
230 , 2309 , 2.65 , 5669.50
231 , 2341 , 2.69 , 5694.15
232 , 2359 , 2.71 , 5718.80
233 , 2383 , 2.74 , 5743.45
234 , 2404 , 2.76 , 5768.10
235 , 2423 , 2.78 , 5792.75
236 , 2448 , 2.81 , 5817.40
237 , 2468 , 2.83 , 5842.05
238 , 2488 , 2.86 , 5866.70
239 , 2510 , 2.88 , 5891.35
240 , 2532 , 2.91 , 5916.00
241 , 2550 , 2.93 , 5940.65
242 , 2568 , 2.95 , 5965.30
243 , 2573 , 2.95 , 5989.95
244 , 2598 , 2.98 , 6014.60
245 , 2613 , 3.00 , 6039.25
246 , 2627 , 3.02 , 6063.90
247 , 2646 , 3.04 , 6088.55
248 , 2656 , 3.05 , 6113.20
249 , 2667 , 3.06 , 6137.85
250 , 2677 , 3.07 , 6162.50
251 , 2683 , 3.08 , 6187.15
252 , 2697 , 3.10 , 6211.80
253 , 2708 , 3.11 , 6236.45
254 , 2710 , 3.11 , 6261.10
255 , 2720 , 3.12 , 6285.75
256 , 2724 , 3.13 , 6310.40
257 , 2726 , 3.13 , 6335.05
258 , 2729 , 3.13 , 6359.70
259 , 2730 , 3.13 , 6384.35
260 , 2727 , 3.13 , 6409.00
261 , 2727 , 3.13 , 6433.65
262 , 2729 , 3.13 , 6458.30
263 , 2717 , 3.12 , 6482.95
264 , 2717 , 3.12 , 6507.60
265 , 2715 , 3.12 , 6532.25
266 , 2708 , 3.11 , 6556.90
267 , 2693 , 3.09 , 6581.55
268 , 2684 , 3.08 , 6606.20
269 , 2673 , 3.07 , 6630.85
270 , 2667 , 3.06 , 6655.50
271 , 2656 , 3.05 , 6680.15
272 , 2640 , 3.03 , 6704.80
273 , 2628 , 3.02 , 6729.45
274 , 2607 , 2.99 , 6754.10
275 , 2587 , 2.97 , 6778.75
276 , 2573 , 2.95 , 6803.40
277 , 2564 , 2.94 , 6828.05
278 , 2545 , 2.92 , 6852.70
279 , 2522 , 2.89 , 6877.35
280 , 2503 , 2.87 , 6902.00
281 , 2481 , 2.85 , 6926.65
282 , 2461 , 2.82 , 6951.30
283 , 2443 , 2.80 , 6975.95
284 , 2415 , 2.77 , 7000.60
285 , 2394 , 2.75 , 7025.25
286 , 2372 , 2.72 , 7049.90
287 , 2344 , 2.69 , 7074.55
288 , 2326 , 2.67 , 7099.20
289 , 2304 , 2.64 , 7123.85
290 , 2274 , 2.61 , 7148.50
291 , 2250 , 2.58 , 7173.15
292 , 2226 , 2.55 , 7197.80
293 , 2205 , 2.53 , 7222.45
294 , 2185 , 2.51 , 7247.10
295 , 2155 , 2.47 , 7271.75
296 , 2132 , 2.45 , 7296.40
297 , 2109 , 2.42 , 7321.05
298 , 2083 , 2.39 , 7345.70
299 , 2063 , 2.37 , 7370.35
300 , 2039 , 2.34 , 7395.00
301 , 2013 , 2.31 , 7419.65
302 , 1992 , 2.29 , 7444.30
303 , 1966 , 2.26 , 7468.95
304 , 1943 , 2.23 , 7493.60
305 , 1925 , 2.21 , 7518.25
306 , 1904 , 2.19 , 7542.90
307 , 1891 , 2.17 , 7567.55
308 , 1862 , 2.14 , 7592.20
309 , 1843 , 2.12 , 7616.85
310 , 1832 , 2.10 , 7641.50
311 , 1813 , 2.08 , 7666.15
312 , 1797 , 2.06 , 7690.80
313 , 1776 , 2.04 , 7715.45
314 , 1766 , 2.03 , 7740.10
315 , 1750 , 2.01 , 7764.75
316 , 1740 , 2.00 , 7789.40
317 , 1723 , 1.98 , 7814.05
318 , 1714 , 1.97 , 7838.70
319 , 1704 , 1.96 , 7863.35
320 , 1702 , 1.95 , 7888.00
321 , 1693 , 1.94 , 7912.65
322 , 1688 , 1.94 , 7937.30
323 , 1685 , 1.93 , 7961.95
324 , 1674 , 1.92 , 7986.60
325 , 1673 , 1.92 , 8011.25
326 , 1673 , 1.92 , 8035.90
327 , 1672 , 1.92 , 8060.55
328 , 1673 , 1.92 , 8085.20
329 , 1678 , 1.93 , 8109.85
330 , 1679 , 1.93 , 8134.50
331 , 1681 , 1.93 , 8159.15
332 , 1688 , 1.94 , 8183.80
333 , 1690 , 1.94 , 8208.45
334 , 1696 , 1.95 , 8233.10
335 , 1702 , 1.95 , 8257.75
336 , 1714 , 1.97 , 8282.40
337 , 1726 , 1.98 , 8307.05
338 , 1733 , 1.99 , 8331.70
339 , 1753 , 2.01 , 8356.35
340 , 1762 , 2.02 , 8381.00
341 , 1770 , 2.03 , 8405.65
342 , 1791 , 2.06 , 8430.30
343 , 1803 , 2.07 , 8454.95
344 , 1820 , 2.09 , 8479.60
345 , 1842 , 2.11 , 8504.25
346 , 1851 , 2.12 , 8528.90
347 , 1879 , 2.16 , 8553.55
348 , 1901 , 2.18 , 8578.20
349 , 1914 , 2.20 , 8602.85
350 , 1939 , 2.23 , 8627.50
351 , 1959 , 2.25 , 8652.15
352 , 1981 , 2.27 , 8676.80
353 , 2003 , 2.30 , 8701.45
354 , 2023 , 2.32 , 8726.10
355 , 2046 , 2.35 , 8750.75
356 , 2072 , 2.38 , 8775.40
357 , 2098 , 2.41 , 8800.05
358 , 2115 , 2.43 , 8824.70
359 , 2140 , 2.46 , 8849.35
360 , 2165 , 2.48 , 8874.00
361 , 2180 , 2.50 , 8898.65
362 , 2206 , 2.53 , 8923.30
363 , 2227 , 2.56 , 8947.95
364 , 2250 , 2.58 , 8972.60
365 , 2270 , 2.61 , 8997.25
366 , 2301 , 2.64 , 9021.90
367 , 2326 , 2.67 , 9046.55
368 , 2357 , 2.71 , 9071.20
369 , 2372 , 2.72 , 9095.85
370 , 2384 , 2.74 , 9120.50
371 , 2400 , 2.75 , 9145.15
372 , 2417 , 2.77 , 9169.80
373 , 2447 , 2.81 , 9194.45
374 , 2457 , 2.82 , 9219.10
375 , 2470 , 2.83 , 9243.75
376 , 2490 , 2.86 , 9268.40
377 , 2500 , 2.87 , 9293.05
378 , 2516 , 2.89 , 9317.70
379 , 2524 , 2.90 , 9342.35
380 , 2543 , 2.92 , 9367.00
381 , 2564 , 2.94 , 9391.65
382 , 2571 , 2.95 , 9416.30
383 , 2581 , 2.96 , 9440.95
384 , 2593 , 2.98 , 9465.60
385 , 2595 , 2.98 , 9490.25
386 , 2590 , 2.97 , 9514.90
387 , 2598 , 2.98 , 9539.55
388 , 2612 , 3.00 , 9564.20
389 , 2611 , 3.00 , 9588.85
390 , 2621 , 3.01 , 9613.50
391 , 2605 , 2.99 , 9638.15
392 , 2624 , 3.01 , 9662.80
393 , 2618 , 3.00 , 9687.45
394 , 2619 , 3.01 , 9712.10
395 , 2615 , 3.00 , 9736.75
396 , 2606 , 2.99 , 9761.40
397 , 2608 , 2.99 , 9786.05
398 , 2612 , 3.00 , 9810.70
399 , 2602 , 2.99 , 9835.35
400 , 2606 , 2.99 , 9860.00
401 , 2589 , 2.97 , 9884.65
402 , 2580 , 2.96 , 9909.30
403 , 2573 , 2.95 , 9933.95
404 , 2563 , 2.94 , 9958.60
405 , 2556 , 2.93 , 9983.25
406 , 2534 , 2.91 , 10007.90
407 , 2516 , 2.89 , 10032.55
408 , 2515 , 2.89 , 10057.20
409 , 2508 , 2.88 , 10081.85
410 , 2495 , 2.86 , 10106.50
411 , 2481 , 2.85 , 10131.15
412 , 2456 , 2.82 , 10155.80
413 , 2429 , 2.79 , 10180.45
414 , 2415 , 2.77 , 10205.10
415 , 2406 , 2.76 , 10229.75
416 , 2378 , 2.73 , 10254.40
417 , 2358 , 2.71 , 10279.05
418 , 2348 , 2.69 , 10303.70
419 , 2332 , 2.68 , 10328.35
420 , 2304 , 2.64 , 10353.00
421 , 2280 , 2.62 , 10377.65
422 , 2263 , 2.60 , 10402.30
423 , 2238 , 2.57 , 10426.95
424 , 2204 , 2.53 , 10451.60
425 , 2184 , 2.51 , 10476.25
426 , 2161 , 2.48 , 10500.90
427 , 2128 , 2.44 , 10525.55
428 , 2112 , 2.42 , 10550.20
429 , 2089 , 2.40 , 10574.85
430 , 2069 , 2.37 , 10599.50
431 , 2033 , 2.33 , 10624.15
432 , 2018 , 2.32 , 10648.80
433 , 1997 , 2.29 , 10673.45
434 , 1971 , 2.26 , 10698.10
435 , 1948 , 2.24 , 10722.75
436 , 1922 , 2.21 , 10747.40
437 , 1903 , 2.18 , 10772.05
438 , 1882 , 2.16 , 10796.70
439 , 1868 , 2.14 , 10821.35
440 , 1847 , 2.12 , 10846.00
441 , 1824 , 2.09 , 10870.65
442 , 1804 , 2.07 , 10895.30
443 , 1784 , 2.05 , 10919.95
444 , 1771 , 2.03 , 10944.60
445 , 1749 , 2.01 , 10969.25
446 , 1727 , 1.98 , 10993.90
447 , 1720 , 1.97 , 11018.55
448 , 1707 , 1.96 , 11043.20
449 , 1691 , 1.94 , 11067.85
450 , 1678 , 1.93 , 11092.50
451 , 1673 , 1.92 , 11117.15
452 , 1657 , 1.90 , 11141.80
453 , 1648 , 1.89 , 11166.45
454 , 1636 , 1.88 , 11191.10
455 , 1628 , 1.87 , 11215.75
456 , 1623 , 1.86 , 11240.40
457 , 1617 , 1.86 , 11265.05
458 , 1617 , 1.86 , 11289.70
459 , 1617 , 1.86 , 11314.35
460 , 1616 , 1.85 , 11339.00
461 , 1609 , 1.85 , 11363.65
462 , 1607 , 1.84 , 11388.30
463 , 1602 , 1.84 , 11412.95
464 , 1609 , 1.85 , 11437.60
465 , 1611 , 1.85 , 11462.25
466 , 1618 , 1.86 , 11486.90
467 , 1618 , 1.86 , 11511.55
468 , 1615 , 1.85 , 11536.20
469 , 1626 , 1.87 , 11560.85
470 , 1636 , 1.88 , 11585.50
471 , 1645 , 1.89 , 11610.15
472 , 1645 , 1.89 , 11634.80
473 , 1654 , 1.90 , 11659.45
474 , 1663 , 1.91 , 11684.10
475 , 1678 , 1.93 , 11708.75
476 , 1686 , 1.94 , 11733.40
477 , 1710 , 1.96 , 11758.05
478 , 1719 , 1.97 , 11782.70
479 , 1740 , 2.00 , 11807.35
480 , 1751 , 2.01 , 11832.00
481 , 1776 , 2.04 , 11856.65
482 , 1794 , 2.06 , 11881.30
483 , 1806 , 2.07 , 11905.95
484 , 1828 , 2.10 , 11930.60
485 , 1849 , 2.12 , 11955.25
486 , 1869 , 2.15 , 11979.90
487 , 1892 , 2.17 , 12004.55
488 , 1912 , 2.19 , 12029.20
489 , 1936 , 2.22 , 12053.85
490 , 1966 , 2.26 , 12078.50
491 , 1979 , 2.27 , 12103.15
492 , 2010 , 2.31 , 12127.80
493 , 2034 , 2.33 , 12152.45
494 , 2046 , 2.35 , 12177.10
495 , 2072 , 2.38 , 12201.75
496 , 2101 , 2.41 , 12226.40
497 , 2121 , 2.43 , 12251.05
498 , 2137 , 2.45 , 12275.70
499 , 2167 , 2.49 , 12300.35
